Rg;Mc;rh;rhoh;host
4.4100E+00;7.7900E+05;3.5700E+00;2.0400E+12;MilkyWay
9.8000E+00;1.1600E+05;6.9900E+00;4.0500E+10;MilkyWay
9.4000E+00;3.4500E+05;2.3200E+00;3.3000E+12;MilkyWay
1.5490E+01;1.6700E+05;3.0800E+00;6.8200E+11;MilkyWay
2.7200E+01;3.3500E+05;4.9800E+00;3.2400E+11;MilkyWay
1.1400E+01;3.0200E+05;1.6500E+00;8.0200E+12;MilkyWay
1.3270E+01;1.6900E+05;2.5900E+00;1.1600E+12;MilkyWay
1.0800E+01;1.1600E+04;2.9500E+00;5.3900E+10;MilkyWay
8.3200E+01;9.8100E+05;1.8290E+01;1.9100E+10;MilkyWay
3.9400E+01;4.4900E+04;1.8090E+01;9.0500E+08;MilkyWay
9.8000E+00;7.4200E+05;2.0600E+00;1.0100E+13;MilkyWay
8.0900E+00;3.0600E+04;5.4500E+00;2.2600E+10;MilkyWay
9.2500E+01;6.1500E+04;1.9690E+01;9.6200E+08;MilkyWay
4.7000E+00;1.4900E+05;3.7700E+00;3.3200E+11;MilkyWay
1.0300E+02;2.9800E+04;1.7870E+01;6.2300E+08;MilkyWay
1.8200E+01;3.2900E+04;2.4900E+00;2.5400E+11;MilkyWay
6.3000E+00;2.4900E+05;6.3400E+00;1.1700E+11;MilkyWay
2.4300E+01;1.0200E+05;1.0470E+01;1.0600E+10;MilkyWay
1.0590E+01;1.2300E+05;4.5100E+00;1.6000E+11;MilkyWay
9.0000E+00;2.4700E+05;6.7500E+00;9.5900E+10;MilkyWay
1.7900E+01;3.8000E+05;6.2300E+00;1.8800E+11;MilkyWay
1.7200E+01;5.6600E+04;1.3410E+01;2.8000E+09;MilkyWay
5.2000E+00;3.5500E+06;7.0400E+00;1.2100E+12;MilkyWay
1.0060E+01;3.9400E+05;3.3600E+00;1.2400E+12;MilkyWay
1.1700E+01;4.0100E+05;2.6400E+00;2.6000E+12;MilkyWay
1.6900E+01;4.5600E+04;1.0720E+01;4.4200E+09;MilkyWay
2.7200E+01;2.1300E+05;4.6900E+00;2.4600E+11;MilkyWay
3.7330E+01;3.8300E+05;3.3100E+00;1.2600E+12;MilkyWay
1.8200E+01;1.6700E+05;9.8300E+00;2.1000E+10;MilkyWay
3.1800E+01;7.7900E+05;3.7400E+00;1.7800E+12;MilkyWay
2.3550E+01;1.3900E+04;2.5100E+01;1.0500E+08;MilkyWay
1.3430E+01;2.0300E+05;8.0200E+00;4.7000E+10;MilkyWay
7.5000E+00;3.7200E+05;3.6100E+00;9.4400E+11;MilkyWay
8.4000E+00;3.5400E+05;4.9800E+00;3.4200E+11;MilkyWay
9.0000E+00;3.0100E+05;2.4400E+00;2.4700E+12;MilkyWay
7.1000E+01;2.2700E+04;2.3600E+01;2.0600E+08;MilkyWay
1.0500E+01;2.4900E+05;1.8300E+00;4.8500E+12;MilkyWay
2.1400E+00;9.6900E+04;2.8200E+00;5.1600E+11;MilkyWay
1.6070E+01;1.2700E+05;1.0320E+01;1.3800E+10;MilkyWay
1.2020E+01;4.6300E+04;5.9000E+00;2.6900E+10;MilkyWay
1.0400E+01;3.5900E+05;2.6200E+00;2.3800E+12;MilkyWay
8.1000E+00;5.4600E+04;5.2700E+00;4.4500E+10;MilkyWay
6.0900E+00;8.7000E+04;3.1100E+00;3.4500E+11;MilkyWay
7.8000E+00;1.0600E+04;3.6600E+00;2.5800E+10;MilkyWay
6.6000E+00;4.5300E+05;3.0800E+00;1.8500E+12;MilkyWay
3.0620E+01;2.9100E+05;3.1800E+00;1.0800E+12;MilkyWay
5.2200E+00;8.6500E+04;2.8200E+00;4.6000E+11;MilkyWay
4.7100E+00;1.8400E+05;2.7800E+00;1.0200E+12;MilkyWay
6.4000E+00;7.2300E+04;2.9300E+00;3.4300E+11;MilkyWay
6.4700E+00;7.0700E+05;1.8300E+00;1.3800E+13;MilkyWay
8.2400E+00;6.8000E+05;3.1300E+00;2.6500E+12;MilkyWay
1.5300E+01;5.5100E+05;3.9100E+00;1.1000E+12;MilkyWay
9.5000E+00;1.8800E+05;2.7600E+00;1.0700E+12;MilkyWay
9.4000E+00;2.7700E+05;4.4500E+00;3.7500E+11;MilkyWay
1.1600E+01;3.7500E+05;2.7200E+00;2.2200E+12;MilkyWay
8.1000E+00;2.6800E+05;2.2800E+00;2.7000E+12;MilkyWay
8.4300E+00;4.6400E+04;2.1000E+00;5.9800E+11;MilkyWay
1.5100E+01;3.9800E+05;3.7100E+00;9.3000E+11;MilkyWay
8.7000E+00;1.5300E+05;2.6400E+00;9.9300E+11;MilkyWay
5.8900E+00;9.3800E+04;3.2300E+00;3.3200E+11;MilkyWay
3.3000E+00;4.7300E+04;3.3100E+00;1.5600E+11;MilkyWay
6.8000E+00;1.1100E+05;2.5500E+00;7.9900E+11;MilkyWay
8.0000E+00;1.4700E+05;5.7700E+00;9.1300E+10;MilkyWay
8.1000E+00;6.6600E+05;1.1100E+00;5.8100E+13;MilkyWay
6.7000E+00;2.2300E+05;2.2700E+00;2.2800E+12;MilkyWay
6.4000E+00;8.0100E+04;4.4500E+00;1.0900E+11;MilkyWay
1.1000E+01;1.0600E+06;1.9600E+00;1.6800E+13;MilkyWay
9.3000E+00;7.7400E+05;3.5700E+00;2.0300E+12;MilkyWay
2.4800E+00;8.8900E+04;2.1900E+00;1.0100E+12;MilkyWay
5.9000E+00;5.6600E+05;1.1400E+00;4.5600E+13;MilkyWay
8.2400E+00;4.4200E+05;1.2500E+00;2.7000E+13;MilkyWay
1.2000E+01;1.2300E+06;2.0300E+00;1.7600E+13;MilkyWay
6.7000E+00;1.1700E+05;1.4800E+00;4.3100E+12;MilkyWay
1.1690E+01;1.0600E+05;5.0500E+00;9.8200E+10;MilkyWay
7.7000E+00;3.9200E+05;4.3400E+00;5.7200E+11;MilkyWay
7.2800E+00;2.0000E+04;2.2200E+00;2.1800E+11;MilkyWay
7.4500E+00;8.9600E+04;1.9700E+00;1.4000E+12;MilkyWay
8.4000E+00;2.5000E+05;4.0400E+00;4.5300E+11;MilkyWay
2.4600E+00;6.3400E+04;1.3700E+00;2.9400E+12;MilkyWay
8.6300E+00;2.7700E+05;2.6100E+00;1.8600E+12;MilkyWay
4.9000E+00;2.3500E+05;2.0200E+00;3.4000E+12;MilkyWay
6.3000E+00;2.9300E+04;1.7700E+00;6.3100E+11;MilkyWay
4.0000E+00;5.4600E+04;3.1600E+00;2.0700E+11;MilkyWay
1.2000E+01;3.0200E+05;2.9400E+00;1.4200E+12;MilkyWay
1.3180E+01;9.0700E+04;2.9800E+00;4.0900E+11;MilkyWay
7.0000E+00;7.3100E+04;1.4900E+00;2.6400E+12;MilkyWay
5.5000E+00;3.6900E+05;1.7600E+00;8.0800E+12;MilkyWay
8.0500E+00;8.7200E+04;1.5000E+00;3.0800E+12;MilkyWay
3.1000E+00;4.1600E+05;3.2600E+00;1.4300E+12;MilkyWay
9.2000E+00;1.1300E+05;2.1000E+00;1.4600E+12;MilkyWay
6.7300E+00;1.2700E+05;2.8600E+00;6.4800E+11;MilkyWay
2.3500E+01;1.4100E+06;3.2000E+00;5.1400E+12;MilkyWay
8.2000E+00;1.5700E+05;3.5000E+00;4.3700E+11;MilkyWay
7.8000E+00;5.6800E+04;3.3700E+00;1.7700E+11;MilkyWay
4.3000E+00;2.3900E+05;2.4000E+00;2.0600E+12;MilkyWay
7.4000E+00;2.5400E+05;2.8200E+00;1.3500E+12;MilkyWay
1.3490E+01;2.8100E+05;4.3800E+00;3.9900E+11;MilkyWay
2.6910E+01;1.6600E+04;1.3070E+01;8.8700E+08;MilkyWay
3.2360E+01;1.0900E+05;1.6740E+01;2.7700E+09;MilkyWay
5.7500E+00;1.8800E+05;4.7000E+00;2.1600E+11;MilkyWay
2.6730E+01;4.3900E+04;1.5260E+01;1.4700E+09;MilkyWay
1.4300E+01;1.4800E+05;6.6300E+00;6.0600E+10;MilkyWay
3.8600E+00;4.9100E+04;2.9500E+00;2.2800E+11;MilkyWay
2.0000E+01;5.8600E+05;2.4600E+00;4.7000E+12;MilkyWay
1.4000E+01;1.1700E+05;2.6300E+00;7.6800E+11;MilkyWay
5.8800E+01;2.2900E+05;6.6800E+00;9.1700E+10;MilkyWay
9.9000E+00;4.5300E+05;1.9000E+00;7.8800E+12;MilkyWay
1.1500E+01;5.8200E+05;3.0000E+00;2.5700E+12;MilkyWay
8.1000E+00;1.3300E+05;2.4400E+00;1.0900E+12;MilkyWay
1.9050E+01;1.1900E+04;6.9800E+00;4.1800E+09;MilkyWay
2.4800E+01;2.7400E+04;1.1080E+01;2.4000E+09;MilkyWay
2.6550E+01;2.5800E+04;7.5100E+00;7.2700E+09;MilkyWay
6.4300E+00;1.1200E+06;2.5061E+00;8.4937E+12;M31
6.4300E+00;1.1200E+06;2.6062E+00;7.5527E+12;M31
7.7300E+00;3.0200E+05;2.1577E+00;3.5883E+12;M31
7.7300E+00;3.0200E+05;2.5177E+00;2.2589E+12;M31
5.7800E+00;1.3500E+06;2.8840E+00;6.7176E+12;M31
5.7800E+00;1.3500E+06;2.8973E+00;6.6254E+12;M31
9.3100E+00;6.1700E+05;1.3740E+01;2.8390E+10;M31
9.3100E+00;6.1700E+05;8.2035E+00;1.3340E+11;M31
6.0200E+00;1.0500E+06;2.6546E+00;6.6999E+12;M31
6.0200E+00;1.0500E+06;2.6915E+00;6.4279E+12;M31
5.6600E+00;1.1500E+06;2.6485E+00;7.3889E+12;M31
5.6600E+00;1.1500E+06;2.5882E+00;7.9173E+12;M31
4.9000E+00;9.3300E+05;2.9174E+00;4.4850E+12;M31
4.9000E+00;9.3300E+05;2.9242E+00;4.4541E+12;M31
6.9600E+00;1.7400E+06;2.4831E+00;1.3565E+13;M31
6.9600E+00;1.7400E+06;2.4660E+00;1.3849E+13;M31
4.3200E+00;1.9100E+06;4.0179E+00;3.5149E+12;M31
4.3200E+00;1.9100E+06;4.0179E+00;3.5149E+12;M31
2.4600E+00;3.3900E+05;2.4604E+00;2.7169E+12;M31
2.4600E+00;3.3900E+05;2.3442E+00;3.1411E+12;M31
2.8600E+00;5.2500E+05;3.5810E+00;1.3647E+12;M31
2.8600E+00;5.2500E+05;3.2961E+00;1.7500E+12;M31
2.5900E+00;3.3900E+04;6.4863E+00;1.4828E+10;M31
2.5900E+00;3.3900E+04;5.4954E+00;2.4383E+10;M31
1.4000E+00;7.9400E+05;2.2029E+00;8.8655E+12;M31
1.4000E+00;7.9400E+05;2.3550E+00;7.2561E+12;M31
2.9300E+00;1.8600E+06;2.1979E+00;2.0912E+13;M31
2.9300E+00;1.8600E+06;2.2029E+00;2.0768E+13;M31
8.9000E-01;3.1600E+05;2.8708E+00;1.5943E+12;M31
8.9000E-01;3.1600E+05;3.8994E+00;6.3616E+11;M31
6.4000E-01;1.4100E+06;1.6293E+00;3.8914E+13;M31
6.4000E-01;1.4100E+06;1.6144E+00;4.0004E+13;M31
1.2900E+00;7.4100E+05;6.2230E+00;3.6703E+11;M31
1.2900E+00;7.4100E+05;1.1324E+01;6.0912E+10;M31
2.1000E-01;5.1300E+06;2.7102E+00;3.0761E+13;M31
2.1000E-01;5.1300E+06;2.6122E+00;3.4356E+13;M31
3.3000E-01;6.1700E+06;5.7148E+00;3.9461E+12;M31
3.3000E-01;6.1700E+06;4.6026E+00;7.5538E+12;M31
1.1300E+00;5.1300E+05;2.5586E+00;3.6559E+12;M31
1.1300E+00;5.1300E+05;3.8815E+00;1.0471E+12;M31
3.2000E-01;1.3800E+05;0.0000E+00;0.0000E+00;M31
3.2000E-01;1.3800E+05;1.0940E+00;1.2582E+13;M31
5.7000E-01;2.5700E+05;1.6982E+00;6.2635E+12;M31
5.7000E-01;2.5700E+05;1.5382E+00;8.4297E+12;M31
9.7000E-01;1.0000E+06;1.6482E+00;2.6661E+13;M31
9.7000E-01;1.0000E+06;1.2972E+00;5.4687E+13;M31
1.1200E+00;8.7100E+04;1.1376E+00;7.0615E+12;M31
1.1200E+00;8.7100E+04;1.1455E+00;6.9167E+12;M31
8.2000E-01;5.0100E+05;2.7797E+00;2.7843E+12;M31
8.2000E-01;5.0100E+05;3.8107E+00;1.0807E+12;M31
9.4000E-01;1.4800E+06;2.2594E+00;1.5316E+13;M31
9.4000E-01;1.4800E+06;2.1528E+00;1.7707E+13;M31
1.1600E+00;8.7100E+05;1.8323E+00;1.6900E+13;M31
1.1600E+00;8.7100E+05;1.8578E+00;1.6214E+13;M31
3.1500E+00;2.5100E+05;2.2909E+00;2.4920E+12;M31
3.1500E+00;2.5100E+05;1.9099E+00;4.3009E+12;M31
3.6100E+00;2.4000E+05;3.0339E+00;1.0259E+12;M31
3.6100E+00;2.4000E+05;2.9992E+00;1.0619E+12;M31
3.5700E+00;1.8600E+05;2.7925E+00;1.0195E+12;M31
3.5700E+00;1.8600E+05;2.8445E+00;9.6470E+11;M31
1.6400E+00;2.7500E+05;1.4355E+00;1.1097E+13;M31
1.6400E+00;2.7500E+05;1.2503E+00;1.6796E+13;M31
5.5500E+00;2.4000E+05;3.1989E+00;8.7517E+11;M31
5.5500E+00;2.4000E+05;3.6983E+00;5.6636E+11;M31
4.9700E+00;7.9400E+05;2.9992E+00;3.5132E+12;M31
4.9700E+00;7.9400E+05;2.8445E+00;4.1181E+12;M31
8.0700E+00;7.4100E+05;2.3988E+00;6.4077E+12;M31
8.0700E+00;7.4100E+05;2.7479E+00;4.2628E+12;M31
6.0100E+00;3.6300E+05;2.4322E+00;3.0115E+12;M31
6.0100E+00;3.6300E+05;2.3442E+00;3.3635E+12;M31
7.2400E+00;1.1200E+06;3.8994E+00;2.2548E+12;M31
7.2400E+00;1.1200E+06;3.9446E+00;2.1782E+12;M31
3.8000E-01;3.9800E+04;1.2274E+00;2.5690E+12;M31
3.8000E-01;3.9800E+04;1.2162E+00;2.6410E+12;M31
1.4000E+00;9.7700E+04;1.7579E+00;2.1467E+12;M31
1.4000E+00;9.7700E+04;1.3428E+00;4.8170E+12;M31
7.7600E+00;2.1900E+05;3.2509E+00;7.6090E+11;M31
7.7600E+00;2.1900E+05;3.2434E+00;7.6617E+11;M31
1.3110E+01;1.4100E+06;2.6062E+00;9.5082E+12;M31
1.3110E+01;1.4100E+06;2.6730E+00;8.8125E+12;M31
1.0190E+01;3.3100E+05;2.7290E+00;1.9441E+12;M31
1.0190E+01;3.3100E+05;2.6122E+00;2.2167E+12;M31
8.3200E+00;2.8200E+04;3.7411E+00;6.4288E+10;M31
8.3200E+00;2.8200E+04;3.0130E+00;1.2306E+11;M31
8.1300E+00;8.3200E+04;2.6853E+00;5.1287E+11;M31
8.1300E+00;8.3200E+04;2.4434E+00;6.8078E+11;M31
8.4900E+00;3.8000E+05;5.6234E+00;2.5507E+11;M31
8.4900E+00;3.8000E+05;6.5615E+00;1.6057E+11;M31
8.3400E+00;6.1700E+04;1.3868E+00;2.7616E+12;M31
8.3400E+00;6.1700E+04;1.1588E+00;4.7333E+12;M31
7.9700E+00;1.3200E+04;3.6983E+00;3.1150E+10;M31
7.9700E+00;1.3200E+04;3.5645E+00;3.4790E+10;M31
1.0250E+01;3.2400E+06;4.1020E+00;5.6031E+12;M31
1.0250E+01;3.2400E+06;4.1305E+00;5.4882E+12;M31
1.4770E+01;3.8000E+05;2.6607E+00;2.4080E+12;M31
1.4770E+01;3.8000E+05;2.7164E+00;2.2629E+12;M31
1.9860E+01;1.0500E+06;4.0738E+00;1.8538E+12;M31
1.9860E+01;1.0500E+06;4.0832E+00;1.8411E+12;M31
1.1340E+01;7.0800E+05;3.2434E+00;2.4769E+12;M31
1.1340E+01;7.0800E+05;3.2509E+00;2.4599E+12;M31
1.6420E+01;8.5100E+05;2.3281E+00;8.0503E+12;M31
1.6420E+01;8.5100E+05;2.3988E+00;7.3589E+12;M31
1.4080E+01;9.5500E+05;2.3933E+00;8.3154E+12;M31
1.4080E+01;9.5500E+05;2.3388E+00;8.9101E+12;M31
2.0130E+01;1.9100E+05;7.7446E+00;4.9081E+10;M31
2.0130E+01;1.9100E+05;8.1470E+00;4.2161E+10;M31
8.3600E+00;9.3300E+04;5.7544E+00;5.8447E+10;M31
8.3600E+00;9.3300E+04;4.5394E+00;1.1906E+11;M31
9.0500E+00;3.8900E+04;3.5810E+00;1.0112E+11;M31
9.0500E+00;3.8900E+04;3.4674E+00;1.1139E+11;M31
9.4500E+00;2.8200E+04;2.3174E+00;2.7048E+11;M31
9.4500E+00;2.8200E+04;2.3823E+00;2.4896E+11;M31
1.0350E+01;6.9200E+03;1.8493E+00;1.3061E+11;M31
1.0350E+01;6.9200E+03;1.8880E+00;1.2274E+11;M31
1.3000E+00;4.3700E+05;2.5468E+00;3.1576E+12;M31
1.3000E+00;4.3700E+05;2.2909E+00;4.3387E+12;M31
1.2900E+00;6.7600E+04;1.1967E+00;4.7079E+12;M31
1.2900E+00;6.7600E+04;1.2677E+00;3.9612E+12;M31
8.7500E+00;5.5000E+04;5.2723E+00;4.4797E+10;M31
8.7500E+00;5.5000E+04;5.6234E+00;3.6919E+10;M31
9.4700E+00;1.6200E+04;2.9242E+00;7.7339E+10;M31
9.4700E+00;1.6200E+04;3.3497E+00;5.1451E+10;M31
9.3500E+00;1.1500E+04;8.9331E-01;1.9257E+12;M31
9.3500E+00;1.1500E+04;3.9902E+00;2.1606E+10;M31
2.0000E-01;5.1300E+05;1.8113E+00;1.0304E+13;M31
2.0000E-01;5.1300E+05;2.1281E+00;6.3533E+12;M31
4.6400E+01;4.7900E+05;3.0479E+00;2.0194E+12;M31
4.6400E+01;4.7900E+05;3.1696E+00;1.7956E+12;M31
3.3400E+01;1.7400E+05;3.3420E+00;5.5646E+11;M31
3.3400E+01;1.7400E+05;3.5892E+00;4.4919E+11;M31
3.1800E+01;4.4700E+05;8.2224E+00;9.5982E+10;M31
3.1800E+01;4.4700E+05;8.2224E+00;9.5982E+10;M31
5.5200E+01;5.7500E+05;4.9659E+00;5.6047E+11;M31
5.5200E+01;5.7500E+05;5.2119E+00;4.8479E+11;M31
7.8500E+01;4.2700E+05;4.5604E+00;5.3741E+11;M31
7.8500E+01;4.2700E+05;4.8641E+00;4.4290E+11;M31
1.4000E+01;3.1600E+05;3.4674E+00;9.0483E+11;M31
1.4000E+01;3.1600E+05;3.1550E+00;1.2011E+12;M31
1.8200E+01;8.5100E+04;5.3211E+00;6.7423E+10;M31
1.8200E+01;8.5100E+04;4.6666E+00;9.9956E+10;M31
3.7100E+01;2.5700E+05;2.7669E+00;1.4482E+12;M31
3.7100E+01;2.5700E+05;2.6242E+00;1.6975E+12;M31
3.8900E+01;1.2900E+05;8.0724E+00;2.9273E+10;M31
3.8900E+01;1.2900E+05;8.0724E+00;2.9273E+10;M31
9.9900E+01;3.0200E+05;2.8907E+00;1.4924E+12;M31
9.9900E+01;3.0200E+05;2.9174E+00;1.4517E+12;M31
7.4100E+00;0.0000E+00;2.2909E+00;0.0000E+00;M31
4.1500E+00;0.0000E+00;5.9156E+00;0.0000E+00;M31
2.1500E+00;0.0000E+00;3.5810E+00;0.0000E+00;M31
2.0500E+00;0.0000E+00;1.9143E+00;0.0000E+00;M31
1.9100E+00;0.0000E+00;2.3121E+00;0.0000E+00;M31
3.7000E+00;0.0000E+00;2.6303E+00;0.0000E+00;M31
7.0000E-01;4.7863E+05;1.6700E+00;1.2267E+13;M82
7.0000E-01;1.7378E+05;6.1800E+00;8.7885E+10;M82
8.8000E-01;8.5114E+04;1.1710E+01;6.3272E+09;M82
2.6100E+00;4.1687E+04;4.0700E+00;7.3807E+10;M82
8.0000E-01;1.6596E+05;8.9600E+00;2.7540E+10;M82
1.1200E+00;2.5704E+04;3.7100E+00;6.0084E+10;M82
8.7000E-01;6.1660E+04;4.6600E+00;7.2732E+10;M82
1.0100E+00;5.2481E+04;5.7500E+00;3.2952E+10;M82
1.6600E+00;2.5119E+04;3.8700E+00;5.1731E+10;M82
3.7500E+00;9.5499E+04;1.8300E+00;1.8601E+12;M82
1.8100E+00;3.1623E+04;4.0100E+00;5.8539E+10;M82
8.1000E-01;8.5114E+04;8.6600E+00;1.5643E+10;M82
1.2500E+00;3.2359E+04;8.4100E+00;6.4937E+09;M82
1.6900E+00;2.7542E+04;4.6500E+00;3.2698E+10;M82
1.0300E+00;5.0119E+04;8.2600E+00;1.0616E+10;M82
8.1000E-01;5.8884E+04;4.3700E+00;8.4224E+10;M82
2.2300E+00;1.3183E+04;5.8500E+00;7.8598E+09;M82
1.1400E+00;1.3804E+04;7.5300E+00;3.8592E+09;M82
2.0300E+00;2.4547E+04;4.7200E+00;2.7865E+10;M82
1.7100E+00;1.2882E+04;3.9600E+00;2.4763E+10;M82
1.8400E+00;3.9811E+04;6.7900E+00;1.5180E+10;M82
1.3900E+00;3.9811E+04;7.6500E+00;1.0614E+10;M82
2.8400E+00;1.6596E+04;4.0000E+00;3.0953E+10;M82
8.6000E-01;3.3884E+05;2.7500E+00;1.9448E+12;M82
2.2000E+00;6.0256E+04;6.1300E+00;3.1225E+10;M82
1.4200E+00;3.0200E+04;7.2500E+00;9.4595E+09;M82
2.9100E+00;1.3490E+04;4.3000E+00;2.0252E+10;M82
2.2400E+00;2.0417E+04;7.2700E+00;6.3428E+09;M82
2.6400E+00;1.0965E+04;4.9200E+00;1.0990E+10;M82
2.0500E+00;2.0417E+04;5.6100E+00;1.3804E+10;M82
2.7000E+00;6.0256E+03;3.8800E+00;1.2314E+10;M82
1.7700E+00;5.6234E+04;6.6500E+00;2.2825E+10;M82
2.3300E+00;1.0965E+04;5.0200E+00;1.0346E+10;M82
2.4700E+00;6.7608E+03;5.1900E+00;5.7727E+09;M82
1.2000E+00;3.3113E+04;5.2700E+00;2.7005E+10;M82
1.9300E+00;8.7096E+03;3.4200E+00;2.5990E+10;M82
1.4700E+00;1.3183E+04;4.1400E+00;2.2176E+10;M82
3.0300E+00;8.5114E+03;1.5700E+00;2.6253E+11;M82
1.5300E+00;5.4954E+04;8.8300E+00;9.5279E+09;M82
1.8300E+00;1.3183E+04;5.6900E+00;8.5417E+09;M82
2.3500E+00;9.1201E+03;2.9900E+00;4.0726E+10;M82
2.0600E+00;2.8840E+04;8.0400E+00;6.6239E+09;M82
2.8900E+00;3.6308E+03;2.5400E+00;2.6447E+10;M82
8.0000E-01;1.5488E+02;3.1000E-01;6.2058E+11;M82
2.3800E+00;2.8184E+04;1.5160E+01;9.6557E+08;M82
9.1000E-01;3.6308E+04;5.5100E+00;2.5908E+10;M82
1.9000E+00;4.2658E+04;2.6800E+00;2.6453E+11;M82
1.8700E+00;2.3988E+04;3.1600E+00;9.0744E+10;M82
2.5300E+00;6.4565E+03;2.5200E+00;4.8159E+10;M82
2.0800E+00;4.4668E+03;4.6800E+00;5.2017E+09;M82
1.0500E+00;4.5709E+04;3.6800E+00;1.0948E+11;M82
2.0300E+00;9.3325E+03;1.3140E+01;4.9102E+08;M82
2.9300E+00;6.6069E+03;3.8500E+00;1.3820E+10;M82
3.3100E+00;3.7154E+03;3.3500E+00;1.1796E+10;M82
2.6700E+00;1.1749E+04;2.5200E+00;8.7635E+10;M82
2.1200E+00;1.9498E+04;4.3000E+00;2.9274E+10;M82
1.9100E+00;2.5704E+04;3.7200E+00;5.9601E+10;M82
2.2100E+00;3.2359E+03;3.4700E+00;9.2447E+09;M82
2.1300E+00;2.9512E+03;3.5200E+00;8.0771E+09;M82
2.5300E+00;3.8019E+03;3.0700E+00;1.5684E+10;M82
2.8600E+00;5.2481E+03;6.3900E+00;2.4009E+09;M82
3.5900E+00;4.6774E+03;3.4500E+00;1.3596E+10;M82
2.5200E+00;4.5709E+03;4.3000E+00;6.8624E+09;M82
1.5300E+00;5.3703E+03;5.8200E+00;3.2517E+09;M82
2.3000E+00;1.0471E+04;6.1200E+00;5.4529E+09;M82
2.0800E+00;4.7863E+03;3.2600E+00;1.6490E+10;M82
1.0600E+00;4.7863E+05;7.0400E+00;1.6374E+11;M82
3.0600E+00;1.6596E+03;1.7800E+00;3.5125E+10;M82
2.5400E+00;3.8905E+03;3.0600E+00;1.6208E+10;M82
1.5900E+00;5.8884E+03;6.2300E+00;2.9068E+09;M82
3.4000E+00;1.8621E+03;2.5200E+00;1.3889E+10;M82
3.5700E+00;5.8884E+03;2.5800E+00;4.0928E+10;M82
2.7600E+00;8.3176E+03;4.5500E+00;1.0540E+10;M82
3.5700E+00;8.5114E+02;9.3000E-01;1.2631E+11;M82
2.3700E+00;2.9512E+03;1.6300E+00;8.1343E+10;M82
1.3000E+00;1.8621E+05;1.8600E+00;3.4542E+12;M82
1.5600E+00;4.8978E+03;3.9700E+00;9.3435E+09;M82
2.0500E+00;2.3442E+04;1.9600E+00;3.7163E+11;M82
2.2700E+00;8.5114E+03;1.2100E+00;5.7349E+11;M82
2.9900E+00;5.4954E+03;1.2400E+00;3.4405E+11;M82
3.1100E+00;1.4125E+04;1.9000E+00;2.4582E+11;M82
2.5600E+00;1.1749E+03;2.5700E+00;8.2619E+09;M82
3.7800E+00;5.6234E+03;2.7000E+00;3.4103E+10;M82
2.5500E+00;1.2882E+03;4.1600E+00;2.1360E+09;M82
2.1800E+00;1.5488E+04;7.6900E+00;4.0654E+09;M82
2.2300E+00;3.0200E+03;5.1600E+00;2.6238E+09;M82
2.9400E+00;5.1286E+03;4.0100E+00;9.4940E+09;M82
1.8600E+00;3.0200E+04;5.9400E+00;1.7200E+10;M82
2.5800E+00;2.2387E+03;2.6900E+00;1.3729E+10;M82
1.4700E+00;2.9512E+04;5.2400E+00;2.4484E+10;M82
1.9700E+00;8.3176E+03;4.8000E+00;8.9775E+09;M82
2.7000E+00;1.2023E+03;1.2300E+00;7.7120E+10;M82
3.9000E+00;7.4131E+02;2.1300E+00;9.1568E+09;M82
1.2500E+00;5.6234E+05;4.3800E+00;7.9884E+11;M82
3.2000E+00;1.7378E+04;3.2700E+00;5.9325E+10;M82
2.4700E+00;5.0119E+03;3.6400E+00;1.2404E+10;M82
2.4600E+00;3.3113E+03;8.5000E+00;6.4361E+08;M82
2.5400E+00;1.6218E+03;1.9000E+00;2.8224E+10;M82
1.8200E+00;2.8184E+04;1.9300E+00;4.6796E+11;M82
1.5973E+00;3.6308E+04;9.7724E+00;4.6439E+09;M83
1.8411E+00;8.3176E+04;1.1482E+01;6.5597E+09;M83
2.1126E+00;1.4791E+04;3.0200E+00;6.4103E+10;M83
1.0754E+00;1.2882E+04;2.8840E+00;6.4103E+10;M83
2.1231E+00;1.9055E+04;1.9055E+15;3.2876E-34;M83
2.2920E+00;1.2882E+04;2.0417E+00;1.8067E+11;M83
2.2590E+00;1.3183E+04;1.5136E+00;4.5382E+11;M83
2.0271E+00;1.7378E+05;2.8840E+00;8.6473E+11;M83
1.7696E+00;1.1220E+04;4.0738E+00;1.9810E+10;M83
3.1191E+00;7.5858E+04;1.6982E+00;1.8488E+12;M83
3.1055E+00;2.9512E+04;3.4674E+00;8.4505E+10;M83
2.9990E+00;5.6234E+04;5.0119E+00;5.3319E+10;M83
1.8465E+00;1.0471E+04;3.0903E+00;4.2353E+10;M83
9.3100E-01;7.9433E+04;1.2023E+00;5.4561E+12;M83
1.7221E+00;1.4125E+04;2.1380E+00;1.7254E+11;M83
2.0690E+00;2.0417E+04;2.2387E+00;2.1721E+11;M83
1.3692E+00;1.4125E+04;3.0903E+00;5.7132E+10;M83
1.2643E+00;2.1878E+04;3.4674E+00;6.2644E+10;M83
1.1826E+00;3.4674E+04;1.9055E+00;5.9825E+11;M83
7.8630E-01;5.4954E+05;2.9512E+00;2.5520E+12;M83
1.1753E+00;1.0715E+04;1.8197E+00;2.1227E+11;M83
1.8511E+00;1.6596E+04;2.2387E+00;1.7656E+11;M83
1.7159E+00;1.1220E+04;2.8840E+00;5.5832E+10;M83
1.9924E+00;3.3113E+04;2.2909E+00;3.2876E+11;M83
1.3835E+00;6.0256E+04;2.2387E+00;6.4103E+11;M83
4.8620E-01;2.0417E+05;1.4125E+00;8.6473E+12;M83
1.7186E+00;1.6982E+04;2.0417E+00;2.3817E+11;M83
2.7001E+00;1.1482E+04;2.4547E+00;9.2658E+10;M83
7.4600E-01;1.5849E+05;1.2589E+03;9.4816E+03;M83
4.7330E-01;1.4791E+05;7.9433E-01;3.5227E+13;M83
9.0420E-01;5.4954E+04;1.1749E+01;4.0447E+09;M83
4.9160E-01;1.0965E+05;1.2023E+00;7.5315E+12;M83
5.8020E-01;1.6596E+04;1.4454E+00;6.5597E+11;M83
1.3255E+00;1.1482E+04;1.6596E+00;2.9983E+11;M83
2.3876E+00;2.8840E+04;4.4668E+00;3.8626E+10;M83
2.5730E+00;3.8019E+04;9.3325E+00;5.5832E+09;M83
1.3331E+00;1.6982E+05;1.1220E+01;1.4351E+10;M83
1.4651E+00;1.8197E+06;6.6069E+04;7.5315E-01;M83
2.0568E+00;1.2882E+05;3.9811E+00;2.4371E+11;M83
2.0066E+00;2.0893E+04;5.7544E+14;1.3088E-32;M83
9.7050E-01;2.0893E+04;2.0417E+00;2.9301E+11;M83
9.9330E-01;2.0893E+04;2.5119E-01;1.5736E+14;M83
1.8572E+00;2.1380E+04;1.5849E+00;6.4103E+11;M83
1.8540E+00;3.1623E+04;4.3652E+00;4.5382E+10;M83
2.5123E+00;1.0471E+04;1.0233E+00;1.1665E+12;M83
2.0179E+00;1.3490E+04;4.0738E-01;2.3817E+13;M83
2.0400E+00;1.4454E+04;2.1380E+00;1.7656E+11;M83
1.5985E+00;1.4125E+04;2.3988E+00;1.2215E+11;M83
2.7954E+00;1.9498E+04;3.5481E+00;5.2105E+10;M83
2.5656E+00;1.5488E+04;2.8184E+00;8.2581E+10;M83
2.3164E+00;1.0715E+04;1.4454E+00;4.2353E+11;M83
1.8568E+00;1.3804E+04;7.0795E+00;4.6439E+09;M83
1.9175E+00;1.4791E+04;2.8184E+00;7.8864E+10;M83
2.6235E+00;1.6596E+04;3.2359E+00;5.8463E+10;M83
3.0309E+00;2.3988E+04;3.2359E+00;8.4505E+10;M83
1.9596E+00;2.6303E+04;3.3884E+00;8.0701E+10;M83
3.1370E+00;7.2444E+04;6.1660E+01;3.6888E+07;M83
2.7970E+00;1.0965E+04;2.9512E+00;5.0919E+10;M83
2.8257E+00;1.9055E+04;2.9512E+00;8.8487E+10;M83
2.7305E+00;4.1687E+04;4.5709E+00;5.2105E+10;M83
3.1122E+00;4.5709E+04;1.8621E+15;8.4504E-34;M83
1.6962E+00;2.9512E+04;8.5114E+00;5.7132E+09;M83
1.8719E+00;3.0200E+04;1.4791E+01;1.1140E+09;M83
1.5081E+00;3.0903E+04;6.6069E+01;1.2790E+07;M83
1.4669E+00;1.0233E+04;2.2387E+00;1.0886E+11;M83
2.3390E+00;1.9055E+04;4.5709E+00;2.3817E+10;M83
2.8917E+00;1.5849E+04;8.3176E+00;3.2876E+09;M83
1.0431E+00;2.5119E+04;1.7783E+03;5.3319E+02;M83
2.0634E+00;5.1286E+04;4.4668E+00;6.8688E+10;M83
3.0967E+00;1.1482E+04;3.6308E+00;2.8634E+10;M83
1.3131E+00;1.0000E+04;1.7783E+00;2.1227E+11;M83
8.5040E-01;2.5704E+04;2.4547E+01;2.0743E+08;M83
2.4955E+00;1.3183E+05;4.0738E+00;2.3275E+11;M83
2.3054E+00;5.6234E+04;2.3442E+04;5.2105E-01;M83
1.9982E+00;2.0417E+04;3.6308E+00;5.0919E+10;M83
5.1650E-01;1.1482E+04;4.3652E+02;1.6477E+04;M83
2.4756E+00;3.5481E+04;4.6774E-01;4.1389E+13;M83
1.7912E+00;8.3176E+04;5.1286E+00;7.3601E+10;M83
2.6692E+00;1.0965E+05;2.8184E+00;5.8463E+11;M83
2.5473E+00;1.0715E+04;1.0471E+01;1.1140E+09;M83
2.6997E+00;2.9512E+04;2.0417E+00;4.1389E+11;M83
6.5760E-01;1.5136E+04;9.5499E-01;2.0743E+12;M83
1.1373E+00;1.0715E+04;7.5858E+07;2.9301E-12;M83
2.1987E+00;2.9512E+04;3.0200E+00;1.2790E+11;M83
1.0658E+00;1.0000E+04;1.2023E+00;6.8688E+11;M83
2.2740E+00;1.0233E+04;1.7378E+00;2.3275E+11;M83
1.1552E+00;3.5481E+04;3.4674E+00;1.0160E+11;M83
1.2512E+00;1.6218E+04;8.7096E+04;2.9301E-03;M83
2.5045E+00;6.9183E+04;3.7154E+00;1.6102E+11;M83
2.9898E+00;2.4547E+04;2.2909E+00;2.4371E+11;M83
1.3035E+00;1.7378E+04;3.7154E+00;4.0447E+10;M83
1.7873E+00;3.9811E+04;1.5849E+00;1.1937E+12;M83
1.8191E+00;1.4454E+04;1.6596E+00;3.7747E+11;M83
1.5120E+00;4.2658E+04;6.6069E-01;1.7656E+13;M83
1.9258E+00;1.0715E+04;2.5119E+02;8.0701E+04;M83
1.9115E+00;1.1749E+04;7.0795E+00;3.9526E+09;M83
2.1627E+00;4.4668E+04;1.4125E+00;1.8918E+12;M83
2.3960E+00;1.0233E+04;1.5136E+00;3.5227E+11;M83
2.8108E+00;1.4454E+04;6.0256E+01;7.8864E+06;M83
3.0793E+00;1.6218E+04;2.0417E+00;2.2745E+11;M83
3.3413E+00;1.9055E+04;2.9512E+05;8.8487E-05;M83
3.6031E+00;1.5136E+04;2.5704E+00;1.0639E+11;M83
2.2071E+00;4.1687E+04;7.0795E+00;1.4024E+10;M83
2.3357E+00;1.8197E+04;2.8184E+00;9.7024E+10;M83
2.3149E+00;2.8184E+04;3.9811E+00;5.3319E+10;M83
2.5542E+00;2.1380E+04;8.9125E+00;3.6048E+09;M83
3.8483E+00;1.2882E+05;7.2444E+14;4.0447E-32;M83
3.0530E+00;1.6982E+04;8.5114E+04;3.2876E-03;M83
3.1116E+00;1.5136E+04;3.9811E+02;2.8634E+04;M83
2.8706E+00;1.0000E+04;2.3988E+00;8.6473E+10;M83
3.5026E+00;3.6308E+04;1.3804E+01;1.6477E+09;M83
3.1218E+00;2.6303E+04;7.4131E+03;7.7069E+00;M83
2.9234E+00;2.0417E+04;1.7378E+00;4.6439E+11;M83
3.1060E+00;4.6774E+04;2.5704E+02;3.2876E+05;M83
3.3689E+00;2.0893E+04;3.3113E+00;6.8688E+10;M83
3.0300E+00;1.2303E+04;3.2359E+00;4.3339E+10;M83
3.7670E+00;1.0000E+04;6.9183E-01;3.6048E+12;M83
3.5866E+00;2.9512E+04;2.4547E+00;2.3817E+11;M83
3.5933E+00;1.9055E+04;9.3325E+02;2.7982E+03;M83
3.2658E+00;1.1482E+04;3.2359E+00;4.0447E+10;M83
4.4116E+00;1.0471E+04;1.4125E+03;4.4349E+02;M83
4.1686E+00;8.5114E+04;2.1380E+05;1.0396E-03;M83
4.1910E+00;3.0200E+04;2.0417E+05;4.2353E-04;M83
5.2742E+00;2.1380E+04;6.9183E+00;7.7069E+09;M83
5.9302E+00;5.4954E+04;2.2909E+03;5.4561E+02;M83
5.4357E+00;1.7378E+04;9.1201E+01;2.7345E+06;M83
5.2664E+00;1.4791E+04;1.2589E+04;8.8487E-01;M83
3.1560E+00;1.0471E+04;1.9953E+04;1.5736E-01;M83
3.5342E+00;7.5858E+04;1.1482E+01;5.9825E+09;M83
3.3865E+00;3.6308E+04;1.0965E+01;3.2876E+09;M83
3.8933E+00;1.1749E+04;3.5481E+01;3.1397E+07;M83
5.6527E+00;1.2303E+04;3.7154E+00;2.8634E+10;M83
3.7847E+00;2.3442E+04;5.0119E+00;2.2227E+10;M83
2.3706E+00;2.1380E+04;2.8184E+00;1.1399E+11;M83
3.7368E+00;1.7378E+04;3.7154E+00;4.0447E+10;M83
3.4846E+00;2.6915E+04;2.4547E+00;2.1721E+11;M83
3.5027E+00;1.9498E+04;5.4954E+07;1.4024E-11;M83
3.3825E+00;1.2589E+04;2.7542E+00;7.1925E+10;M83
3.9908E+00;1.5136E+04;3.8905E+00;3.0682E+10;M83
4.0485E+00;2.0893E+04;4.2658E+00;3.2128E+10;M83
4.3659E+00;1.9953E+04;3.0200E+00;8.6473E+10;M83
4.3839E+00;1.1220E+04;6.3096E+04;5.3319E-03;M83
4.7418E+00;1.3804E+04;2.8840E+00;6.8688E+10;M83
5.0144E+00;2.1878E+04;3.8019E+00;4.7521E+10;M83
2.8481E+00;1.0965E+04;8.5114E+02;2.1227E+03;M83
5.5100E+00;1.8621E+04;3.4674E+00;5.3319E+10;M83
5.5623E+00;1.0233E+04;3.3113E+00;3.3642E+10;M83
5.0632E+00;1.0000E+04;1.1749E+05;7.3601E-04;M83
5.2029E+00;1.9055E+04;6.1660E+00;9.7024E+09;M83
5.2256E+00;4.7863E+04;1.2589E+01;2.8634E+09;M83
4.9359E+00;1.3183E+04;1.5136E+01;4.5382E+08;M83
5.2494E+00;2.2909E+04;8.1283E+00;5.0919E+09;M83
4.9071E+00;2.9512E+04;1.6596E+02;7.7069E+05;M83
4.7921E+00;1.0233E+04;7.9433E+00;2.4371E+09;M83
4.7906E+00;1.2589E+04;3.8019E+00;2.7345E+10;M83
5.0826E+00;1.0715E+04;2.3988E+00;9.2658E+10;M83
5.2072E+00;2.7542E+04;1.0233E+04;3.0682E+00;M83
4.4756E+00;1.9498E+05;2.1878E+02;2.2227E+06;M83
5.1870E+00;2.1878E+04;4.1687E+01;3.6048E+07;M83
4.9232E+00;4.2658E+04;6.1660E+07;2.1721E-11;M83
4.2551E+00;1.5136E+04;2.3442E+00;1.4024E+11;M83
4.0833E+00;1.5488E+04;3.1623E+00;5.8463E+10;M83
4.1404E+00;7.2444E+04;1.1482E+03;5.7132E+03;M83
4.9908E+00;2.0417E+04;1.1220E+03;1.7254E+03;M83
3.9929E+00;5.3703E+04;1.1220E+01;4.5382E+09;M83
4.4869E+00;1.9055E+04;1.3804E+05;8.6473E-04;M83
3.5149E+00;2.6303E+04;1.4454E+05;1.0396E-03;M83
4.4481E+00;4.0738E+04;6.3096E+00;1.9359E+10;M83
3.4914E+00;6.6069E+04;1.5136E+07;2.2745E-09;M83
3.6196E+00;1.6982E+04;4.5709E+00;2.1227E+10;M83
3.2237E+00;1.3490E+04;1.0965E+00;1.2215E+12;M83
3.1269E+00;1.0965E+04;8.9125E-01;1.8488E+12;M83
3.0948E+00;1.2303E+04;7.4131E+00;3.6048E+09;M83
2.9948E+00;2.0417E+04;1.1749E+00;1.5027E+12;M83
2.6083E+00;4.3652E+04;5.7544E+00;2.7345E+10;M83
3.6222E+00;1.0715E+04;1.6218E+00;2.9983E+11;M83
2.5914E+00;1.0233E+04;1.6982E+00;2.4939E+11;M83
3.0510E+00;1.3490E+04;3.0903E+00;5.4561E+10;M83
3.3523E+00;1.5488E+04;3.8905E+00;3.1397E+10;M83
1.9262E+00;5.4954E+04;3.9811E+00;1.0396E+11;M83
1.7655E+00;1.6218E+04;6.0256E+00;8.8487E+09;M83
1.9760E+00;6.3096E+04;2.7542E+00;3.6048E+11;M83
2.0512E+00;5.8884E+04;2.8840E+01;2.9301E+08;M83
1.6605E+00;1.3804E+05;1.8197E+00;2.7345E+12;M83
2.4224E+00;7.7625E+04;2.3988E+00;6.7125E+11;M83
2.1449E+00;5.1286E+05;4.5709E+02;6.4103E+05;M83
2.3548E+00;1.0233E+04;2.5119E+07;7.7069E-11;M83
2.3176E+00;2.1878E+04;3.0200E+00;9.4816E+10;M83
2.2837E+00;1.0471E+04;2.5704E+14;7.3600E-32;M83
3.0401E+00;1.2882E+04;6.0256E+03;7.0288E+00;M83
3.4789E+00;2.3988E+04;1.4791E+01;8.8487E+08;M83
2.4178E+00;1.1482E+04;4.4668E+04;1.5377E-02;M83
4.6720E+00;2.2909E+04;2.0893E+01;2.9983E+08;M83
2.4587E+00;1.9055E+04;1.2882E+01;1.0639E+09;M83
3.2663E+00;4.8978E+05;3.6308E-01;1.2215E+15;M83
2.4386E+00;4.4668E+04;8.7096E+00;8.0701E+09;M83
4.9383E+00;1.9953E+04;3.3113E+00;6.5597E+10;M83
3.3430E+00;1.1220E+04;3.8905E+07;2.2745E-11;M83
3.3471E+00;1.4125E+04;4.6774E-01;1.6477E+13;M83
3.0708E+00;2.2387E+04;1.5849E+05;6.7125E-04;M83
3.0432E+00;1.5136E+04;2.9512E+00;7.0288E+10;M83
2.9789E+00;1.5849E+04;3.8905E+03;3.2128E+01;M83
3.2890E+00;2.0893E+04;5.6234E+02;1.4024E+04;M83
2.8715E+00;1.0471E+04;2.1380E+07;1.2790E-10;M83
2.7678E+00;1.2882E+04;3.4674E+01;3.6888E+07;M83
2.7245E+00;5.4954E+04;9.3325E+00;8.0701E+09;M83
2.7973E+00;4.7863E+04;4.8978E+00;4.8627E+10;M83
2.9355E+00;1.6596E+04;3.9811E+07;3.1397E-11;M83
3.1601E+00;2.5704E+04;5.3703E+02;1.9810E+04;M83
2.6493E+00;3.4674E+04;4.1687E+03;5.7132E+01;M83
2.4440E+00;1.2023E+06;1.2023E+08;8.2581E-11;M83
2.3306E+00;1.1220E+04;3.2359E+14;3.9526E-32;M83
2.3724E+00;1.9498E+05;5.6234E+00;1.3088E+11;M83
3.1018E+00;1.5849E+04;1.6982E+15;3.8626E-34;M83
2.1122E+00;3.9811E+04;9.5499E+03;5.4561E+00;M83
2.5704E+00;1.2303E+04;3.0903E+00;4.9760E+10;M83
2.2557E+00;3.3884E+04;5.3703E+00;2.6114E+10;M83
3.4841E+00;1.0000E+04;2.2387E+00;1.0639E+11;M83
2.3408E+00;1.0965E+04;9.1201E+14;1.7254E-33;M83
3.8745E+00;1.0965E+04;1.4125E+01;4.6439E+08;M83
2.1270E+00;2.6303E+04;3.5481E+15;7.0288E-35;M83
2.7992E+00;1.6218E+04;2.2909E+00;1.6102E+11;M83
2.2740E+00;1.7783E+04;1.4454E+00;7.0288E+11;M83
2.7743E+00;1.2589E+04;1.9953E+00;1.8918E+11;M83
3.4864E+00;1.2882E+04;3.4674E+00;3.6888E+10;M83
4.0591E+00;1.0233E+04;6.1660E+00;5.2105E+09;M83
3.3139E+00;1.1749E+04;2.7542E+00;6.7125E+10;M83
4.2719E+00;1.3490E+04;2.0417E+00;1.8918E+11;M83
4.5301E+00;1.1749E+04;1.4125E+05;4.9760E-04;M83
4.0657E+00;1.8197E+04;2.4547E+00;1.4685E+11;M83
4.2107E+00;1.6218E+04;1.7378E+01;3.6888E+08;M83
5.9911E+00;1.3490E+04;8.9125E+00;2.2745E+09;M83
5.1860E+00;1.2589E+04;7.9433E+02;2.9983E+03;M83
2.4483E+00;1.1220E+04;3.0200E+00;4.8627E+10;M83
2.1297E+00;1.5488E+04;2.8840E+00;7.7069E+10;M83
2.6793E+00;1.3804E+04;3.0200E+00;5.9825E+10;M83
2.6624E+00;1.1220E+04;1.7378E+00;2.5520E+11;M83
2.4536E+00;1.7378E+04;1.4454E+01;6.8688E+08;M83
4.0109E+00;1.0233E+04;1.2303E+04;6.5597E-01;M83
3.2771E+00;1.2303E+04;2.5119E+00;9.2658E+10;M83
3.0827E+00;2.6303E+04;2.4547E+00;2.1227E+11;M83
3.3005E+00;1.4791E+04;9.5499E+01;2.0271E+06;M83
3.6309E+00;1.8621E+04;4.5709E+07;2.3275E-11;M83
3.5683E+00;1.0471E+04;4.7863E+00;1.1399E+10;M83
4.5762E+00;1.0965E+04;3.4674E+01;3.1397E+07;M83
4.5045E+00;1.3490E+04;4.7863E+00;1.4685E+10;M83
4.4717E+00;1.0000E+04;4.1687E+02;1.6477E+04;M83
1.6169E+00;1.9498E+04;4.0738E+00;3.4426E+10;M83
1.5903E+00;4.7863E+04;1.9055E+01;8.2581E+08;M83
3.4946E+00;1.0233E+04;2.1380E+00;1.2499E+11;M83
3.3321E+00;2.2909E+04;4.8978E+00;2.3275E+10;M83
2.4666E+00;1.5136E+04;1.2589E+00;9.0549E+11;M83
1.8493E+00;5.3703E+04;2.3442E+03;4.9760E+02;M83
2.5789E+00;3.5481E+04;6.1660E+01;1.8067E+07;M83
3.4099E+00;5.6234E+04;9.3325E+00;8.2581E+09;M83
3.4822E+00;1.4454E+04;1.4454E+00;5.7132E+11;M83
3.6450E+00;1.4125E+04;1.8197E+00;2.7982E+11;M83
1.8134E+00;1.1220E+04;1.9055E+00;1.9359E+11;M83
1.9107E+00;1.2589E+04;1.0965E+04;1.1399E+00;M83
2.3791E+00;2.8840E+04;1.0000E+01;3.4426E+09;M83
2.3969E+00;1.4125E+04;2.8840E+00;7.0288E+10;M83
2.1077E+00;4.2658E+04;3.0200E+00;1.8488E+11;M83
3.2399E+00;2.2387E+04;1.0471E+01;2.3275E+09;M83
1.5415E+00;6.3096E+04;3.8905E+00;1.2790E+11;M83
2.3645E+00;1.1482E+04;1.0000E+01;1.3705E+09;M83
1.2940E+00;2.8184E+04;8.9125E+04;4.7521E-03;M83
2.2150E+00;1.3490E+04;3.3113E+00;4.4349E+10;M83
2.6784E+00;5.1286E+04;2.1878E+00;5.8463E+11;M83
2.1366E+00;1.4454E+04;2.7542E+00;8.2581E+10;M83
2.3074E+00;1.1749E+04;7.2444E+04;3.6888E-03;M83
1.5699E+00;4.1687E+04;1.3804E+00;1.8918E+12;M83
2.2408E+00;1.1220E+04;2.8184E+00;5.9825E+10;M83
1.0022E+00;7.0795E+04;1.2303E+05;4.5382E-03;M83
1.9427E+00;4.4668E+04;3.1623E+00;1.6861E+11;M83
2.7996E+00;2.0893E+04;4.1687E-01;3.4426E+13;M83
2.1168E+00;1.1482E+04;2.0417E+00;1.6102E+11;M83
2.3442E+00;1.8197E+04;1.7783E+03;3.8626E+02;M83
2.9440E+00;4.5709E+04;5.6234E+00;3.0682E+10;M83
2.4689E+00;1.0233E+04;1.3490E+00;4.9760E+11;M83
2.5029E+00;1.0715E+04;3.5481E+07;2.8634E-11;M83
3.5040E+00;1.1482E+04;2.5119E+00;8.6473E+10;M83
2.0857E+00;1.1220E+04;1.6982E+00;2.7345E+11;M83
1.6049E+00;2.0893E+04;7.7625E+03;5.3319E+00;M83
1.9389E+00;1.3804E+04;1.7378E+00;3.1397E+11;M83
3.0940E+00;1.3183E+04;4.5709E+01;1.6477E+07;M83
2.4929E+00;1.3490E+04;3.5481E+00;3.6048E+10;M83
3.6451E+00;2.5119E+04;3.2359E+00;8.8487E+10;M83
2.3259E+00;3.4674E+04;8.9125E+02;5.8463E+03;M83
3.4560E+00;1.5488E+04;8.9125E+00;2.6114E+09;M83
3.7042E+00;1.2589E+04;2.9512E+00;5.8463E+10;M83
2.2451E+00;1.6596E+04;1.4791E+00;6.1218E+11;M83
2.2352E+00;1.9055E+04;1.5488E+00;6.1218E+11;M83
1.4707E+00;1.1220E+04;2.2909E+00;1.1140E+11;M83
1.8892E+00;1.2589E+04;7.4131E+00;3.6888E+09;M83
1.6843E+00;9.3325E+04;1.6218E+00;2.6114E+12;M83
2.4661E+00;1.0000E+04;1.8197E+00;1.9810E+11;M83
2.5683E+00;1.5849E+04;3.7154E+00;3.6888E+10;M83
2.3517E+00;3.2359E+04;1.9953E+00;4.8627E+11;M83
2.5679E+00;1.8197E+04;1.6982E+00;4.4349E+11;M83
1.6840E+00;2.5704E+04;5.1286E+00;2.2745E+10;M83
9.2690E-01;2.6303E+04;1.3804E+01;1.1937E+09;M83
3.4687E+00;1.7783E+04;9.3325E+00;2.6114E+09;M83
2.6191E+00;2.2909E+04;3.3113E+00;7.5315E+10;M83
1.9241E+00;3.1623E+04;1.6596E+00;8.2581E+11;M83
2.9147E+00;3.8905E+04;2.8184E+00;2.0743E+11;M83
1.0948E+00;2.6915E+04;1.6596E+01;7.0288E+08;M83
2.5259E+00;1.0965E+04;1.6982E+00;2.6723E+11;M83
1.3405E+00;1.6596E+04;2.0417E+00;2.3275E+11;M83
2.0400E+00;2.7542E+04;3.9811E+00;5.2105E+10;M83
3.0719E+00;1.7378E+04;2.5704E+00;1.2215E+11;M83
2.0098E+00;1.9953E+04;2.4547E+00;1.6102E+11;M83
2.0142E+00;1.2589E+04;1.6982E+00;3.0682E+11;M83
1.5183E+00;1.1482E+04;2.3442E+00;1.0639E+11;M83
1.5315E+00;4.7863E+04;5.3703E+00;3.6888E+10;M83
1.9396E+00;1.0233E+04;2.5704E+00;7.1925E+10;M83
2.0782E+00;1.3490E+04;2.2909E+00;1.3393E+11;M83
1.9794E+00;3.0200E+04;1.7378E+00;6.8688E+11;M83
3.6090E+00;1.9953E+04;1.9953E+00;2.9983E+11;M83
2.4297E+00;1.0965E+04;3.3884E+01;3.3642E+07;M83
2.3397E+00;1.0965E+04;1.7783E+00;2.3275E+11;M83
1.8459E+00;1.2023E+04;2.8184E+00;6.4103E+10;M83
2.8471E+00;4.1687E+04;7.0795E+01;1.4024E+07;M83
3.2352E+00;1.0715E+04;2.1380E+00;1.3088E+11;M83
2.7458E+00;1.2589E+04;1.5136E+00;4.3339E+11;M83
2.6268E+00;1.0715E+04;1.8197E+00;2.1227E+11;M83
3.1912E+00;1.7783E+04;4.6774E+00;2.0743E+10;M83
1.9707E+00;1.3804E+04;3.4674E-01;3.9526E+13;M83
2.4402E+00;8.3176E+04;2.5119E+00;6.2644E+11;M83
4.0306E+00;2.2387E+04;2.8840E-01;1.1140E+14;M83
1.9978E+00;3.3884E+04;1.4791E+02;1.2499E+06;M83
2.4520E+00;1.6982E+04;1.3183E+00;8.8487E+11;M83
1.9012E+00;5.8884E+04;2.1380E+01;7.1925E+08;M83
2.9027E+00;1.8621E+04;1.4454E+00;7.3601E+11;M83
1.8188E+00;1.8197E+04;1.0471E+07;1.8918E-09;M83
4.0305E+00;2.2909E+04;5.6234E+07;1.5377E-11;M83
3.5852E+00;1.2023E+04;5.7544E+07;7.5315E-12;M83
2.5455E+00;1.1482E+04;3.3113E+03;3.7747E+01;M83
1.8526E+00;2.2909E+04;1.9055E+02;3.9526E+05;M83
1.0407E+00;3.8019E+04;7.0795E+00;1.2790E+10;M83
2.5385E+00;1.0471E+04;2.6303E+00;6.8688E+10;M83
2.9994E+00;1.2303E+04;2.8840E+00;6.1218E+10;M83
1.3139E+00;1.1749E+04;2.2909E+00;1.1665E+11;M83
1.2580E+00;2.5119E+04;3.3113E+07;8.2581E-11;M83
3.1097E+00;1.3183E+04;2.3988E+03;1.1399E+02;M83
1.8098E+00;1.5136E+04;3.5481E+00;4.0447E+10;M83
2.0108E+00;1.0715E+04;4.0738E+00;1.8918E+10;M83
2.0742E+00;3.1623E+04;3.3113E+01;1.0396E+08;M83
2.2854E+00;1.1749E+04;3.3884E-01;3.6048E+13;M83
5.4910E+00;2.3988E+04;1.2882E+01;1.3393E+09;M83
4.3768E+00;1.5488E+04;4.4668E+00;2.0743E+10;M83
5.5116E+00;2.0893E+04;4.2658E+00;3.2128E+10;M83
5.3612E+00;3.3113E+04;3.6308E+00;8.2581E+10;M83
4.7869E+00;1.0471E+04;4.7863E+00;1.1399E+10;M83
4.3052E+00;1.5849E+04;3.3113E+00;5.2105E+10;M83
4.1218E+00;1.2023E+04;2.1878E+03;1.3705E+02;M83
5.5092E+00;1.5849E+04;2.5704E+00;1.1140E+11;M83
4.6574E+00;2.6915E+04;3.5481E+00;7.1925E+10;M83
4.3691E+00;1.2589E+04;2.6915E+00;7.7069E+10;M83
5.3792E+00;1.3183E+04;1.0965E+03;1.1937E+03;M83
4.5618E+00;1.4125E+04;8.7096E+01;2.5520E+06;M83
3.6592E+00;1.2589E+04;3.8019E+00;2.7345E+10;M83
3.3982E+00;1.1220E+04;3.0903E+00;4.5382E+10;M83
5.0840E+00;2.8184E+04;6.9183E+07;1.0160E-11;M83
3.3494E+00;1.0233E+04;1.0715E+05;9.9284E-04;M83
3.5239E+00;1.6596E+04;4.6774E+00;1.9359E+10;M83
3.5695E+00;1.4791E+04;2.2909E+00;1.4685E+11;M83
3.1589E+00;1.2303E+04;5.4954E+00;8.8487E+09;M83
3.8001E+00;7.7625E+04;1.0000E+01;9.2658E+09;M83
3.7822E+00;3.0903E+04;2.7542E+15;1.7656E-34;M83
4.0669E+00;8.7096E+05;1.9055E+01;1.5027E+10;M83
4.5314E+00;1.1220E+04;9.1201E+01;1.7656E+06;M83
3.0293E+00;2.2387E+04;3.6308E+00;5.5832E+10;M83
2.9475E+00;1.3183E+04;2.8184E+00;7.0288E+10;M83
3.6711E+00;7.2444E+04;1.0233E+02;8.0701E+06;M83
3.5370E+00;1.0000E+04;2.5119E+00;7.5315E+10;M83
2.7390E+00;1.1482E+04;1.3804E+00;5.2105E+11;M83
4.4613E+00;1.4125E+04;1.7378E+00;3.2128E+11;M83
2.9977E+00;2.6915E+04;4.8978E+00;2.7345E+10;M83
2.8171E+00;1.0000E+04;3.7154E+00;2.3275E+10;M83
3.8671E+00;1.2023E+04;1.6982E+00;2.9301E+11;M83
2.9596E+00;1.8197E+04;5.7544E+00;1.1399E+10;M83
2.9221E+00;1.0715E+04;9.5499E-01;1.4685E+12;M83
2.9280E+00;3.0200E+04;2.0417E+01;4.2353E+08;M83
3.4705E+00;4.0738E+04;1.0000E+01;4.8627E+09;M83
3.3857E+00;3.1623E+04;1.0965E+01;2.8634E+09;M83
2.5336E+00;2.2387E+04;5.6234E+00;1.5027E+10;M83
2.7250E+00;1.6218E+04;3.9811E+00;3.0682E+10;M83
3.2518E+00;5.8884E+04;3.8019E-01;1.2790E+14;M83
2.0863E+00;1.8197E+04;2.0417E+00;2.5520E+11;M83
1.8847E+00;1.2023E+04;4.1687E+00;1.9810E+10;M83
3.0889E+00;3.3113E+04;5.8884E+00;1.9359E+10;M83
2.1546E+00;1.1749E+04;6.3096E+02;5.5832E+03;M83
3.1780E+00;1.4454E+04;5.7544E+04;9.0549E-03;M83
2.1033E+00;1.4454E+04;1.2882E+00;8.0701E+11;M83
2.9095E+00;2.8840E+04;1.0471E+01;2.9983E+09;M83
3.9478E+00;1.0000E+04;3.0200E+00;4.3339E+10;M83
3.5623E+00;1.0233E+04;1.8197E+00;2.0271E+11;M83
4.1182E+00;2.0417E+04;2.6915E+00;1.2499E+11;M83
3.4409E+00;1.0000E+04;2.2387E+02;1.0639E+05;M83
3.9853E+00;1.2023E+04;8.1283E+03;2.6723E+00;M83
3.3416E+00;4.7863E+04;3.0903E+01;1.9359E+08;M83
3.7942E+00;4.3652E+04;2.2387E+01;4.6439E+08;M83
4.5787E+00;1.0715E+04;7.4131E+04;3.1397E-03;M83
4.1995E+00;4.0738E+04;2.0417E+04;5.7132E-01;M83
3.3868E+00;1.7378E+04;9.5499E+04;2.3817E-03;M83
3.6920E+00;2.1878E+04;1.3490E+01;1.0639E+09;M83
3.1778E+00;1.4454E+04;5.0119E+00;1.3705E+10;M83
3.4698E+00;1.0471E+04;2.2387E+00;1.1140E+11;M83
2.9411E+00;1.3183E+04;1.9055E+01;2.2745E+08;M83
3.2791E+00;1.2589E+04;2.2909E+00;1.2499E+11;M83
2.4641E+00;1.3183E+04;1.4125E+05;5.5832E-04;M83
2.4136E+00;1.2589E+04;1.9953E+00;1.8918E+11;M83
4.0363E+00;1.1220E+04;2.5704E+00;7.8864E+10;M83
3.6830E+00;1.3183E+04;1.0471E+01;1.3705E+09;M83
2.0457E+00;1.1482E+04;7.4131E+06;3.3642E-09;M83
4.0932E+00;1.2023E+04;1.8621E+01;2.2227E+08;M83
3.8186E+00;1.3490E+04;2.8840E+00;6.7125E+10;M83
3.4023E+00;1.1749E+04;4.6774E+04;1.3705E-02;M83
4.5851E+00;1.5488E+04;2.8840E+00;7.7069E+10;M83
4.1766E+00;1.0233E+04;2.5704E+04;7.1925E-02;M83
1.8299E+00;1.3183E+04;1.5849E+00;3.9526E+11;M83
4.1560E+00;1.3490E+04;2.8184E+00;7.1925E+10;M83
4.3163E+00;1.0000E+04;7.4131E+02;2.9301E+03;M83
4.3652E+00;1.6982E+04;2.5119E+00;1.2790E+11;M83
5.0974E+00;1.9055E+04;2.5119E+00;1.4351E+11;M83
5.9676E+00;2.4547E+04;9.7724E+00;3.1397E+09;M83
4.7007E+00;1.5488E+04;1.0000E+05;1.8488E-03;M83
4.1294E+00;5.8884E+04;1.0000E+01;7.0288E+09;M83
4.0650E+00;2.9512E+04;2.6915E+01;1.8067E+08;M83
3.4685E+00;2.3442E+04;3.7154E+00;5.4561E+10;M83
5.9484E+00;3.4674E+04;8.1283E+00;7.7069E+09;M83
4.7684E+00;1.3804E+04;5.0119E+01;1.3088E+07;M83
5.6829E+00;1.0471E+04;3.7154E+14;2.4371E-32;M83
3.8410E+00;1.0000E+04;3.3884E+00;3.0682E+10;M83
5.0437E+00;1.5849E+04;3.3884E+00;4.8627E+10;M83
4.5772E+00;1.3490E+04;3.8019E+00;2.9301E+10;M83
5.5608E+00;3.4674E+04;1.0715E+08;3.3642E-12;M83
5.1375E+00;1.4454E+04;7.4131E+00;4.2353E+09;M83
3.4287E+00;1.4791E+04;9.1201E+01;2.3275E+06;M83
5.4011E+00;2.9512E+05;2.3988E+07;2.5520E-09;M83
4.4703E+00;1.7378E+04;3.9811E+00;3.2876E+10;M83
4.0989E+00;4.4668E+04;2.8840E+00;2.2227E+11;M83
5.0820E+00;1.1749E+04;4.8978E+00;1.1937E+10;M83
4.3878E+00;4.8978E+04;6.7608E+07;1.8918E-11;M83
4.1777E+00;1.4454E+04;3.4674E+00;4.1389E+10;M83
4.2241E+00;1.0471E+04;3.4674E+00;2.9983E+10;M83
3.1635E+00;5.0119E+04;4.4668E+00;6.7125E+10;M83
3.0086E+00;1.6596E+04;2.4547E+00;1.3393E+11;M83
3.3194E+00;1.6218E+04;3.5481E+00;4.3339E+10;M83
3.2400E+00;5.8884E+04;6.4565E+07;2.6114E-11;M83
4.3157E+00;1.5488E+04;6.4565E+00;6.8688E+09;M83
4.3526E+00;1.0715E+04;1.8621E+01;1.9810E+08;M83
6.0720E+00;1.4454E+04;4.3652E+01;2.0743E+07;M83
4.3043E+00;1.3183E+04;7.9433E+01;3.1397E+06;M83
3.4109E+00;1.2303E+04;3.2359E+00;4.3339E+10;M83
5.5967E+00;1.8197E+04;1.0233E+02;2.0271E+06;M83
3.8480E+00;1.2023E+04;2.5119E+00;9.0549E+10;M83
2.8039E+00;1.2589E+04;3.3113E+00;4.1389E+10;M83
3.8375E+00;1.0965E+04;2.0893E+00;1.4351E+11;M83
6.1676E+00;2.2387E+04;2.7542E+01;1.2790E+08;M83
5.5782E+00;3.0200E+04;3.3113E+15;9.9285E-35;M83
4.9584E+00;1.9498E+04;2.5704E+04;1.3705E-01;M83
4.0739E+00;1.2303E+04;4.8978E+00;1.2499E+10;M83
4.5452E+00;1.6218E+04;1.1749E+02;1.1937E+06;M83
4.6724E+00;1.1749E+04;1.7378E+01;2.6723E+08;M83
3.4467E+00;1.3490E+04;2.3988E+00;1.1665E+11;M83
4.6066E+00;1.3183E+04;1.9953E+03;1.9810E+02;M83
3.6968E+00;3.1623E+04;2.4547E+01;2.5520E+08;M83
3.4255E+00;1.9953E+04;3.4674E+00;5.7132E+10;M83
3.3553E+00;5.0119E+04;3.3884E+02;1.5377E+05;M83
4.2225E+00;1.9055E+04;9.3325E+07;2.7982E-12;M83
3.2550E+00;2.8184E+04;1.0000E+08;3.3642E-12;M83
3.1624E+00;1.7783E+04;2.5704E+00;1.2499E+11;M83
4.4865E+00;1.5849E+04;4.3652E+01;2.2745E+07;M83
3.3595E+00;4.6774E+04;1.2589E+01;2.7982E+09;M83
4.3684E+00;4.7863E+04;7.5858E+00;1.3088E+10;M83
3.1216E+00;1.0471E+04;5.4954E+01;7.5315E+06;M83
4.3925E+00;2.5704E+04;1.3804E+04;1.1665E+00;M83
5.2420E-01;4.3652E+04;1.1900E+00;3.0920E+12;NearbyDwarfs
2.9840E-01;1.0715E+05;5.9300E+00;6.1336E+10;NearbyDwarfs
8.4050E-01;7.0795E+04;3.3400E+00;2.2680E+11;NearbyDwarfs
3.9680E+00;1.0471E+05;6.7800E+00;4.0104E+10;NearbyDwarfs
1.4400E-02;1.4454E+06;2.3500E+00;1.3295E+13;NearbyDwarfs
2.1028E+00;1.3183E+04;4.2300E+00;2.0790E+10;NearbyDwarfs
1.1303E+00;4.0738E+04;2.7000E+00;2.4705E+11;NearbyDwarfs
1.9892E+00;1.2882E+04;2.2700E+00;1.3146E+11;NearbyDwarfs
2.8866E+00;1.3183E+04;1.2400E+00;8.2531E+11;NearbyDwarfs
2.7050E+00;9.1201E+03;2.1800E+00;1.0508E+11;NearbyDwarfs
2.9168E+00;2.8184E+05;4.5300E+00;3.6190E+11;NearbyDwarfs
2.9444E+00;2.2387E+05;3.3700E+00;6.9822E+11;NearbyDwarfs
1.8954E+00;2.5119E+05;4.0300E+00;4.5811E+11;NearbyDwarfs
1.3304E+00;2.0417E+05;5.7700E+00;1.2687E+11;NearbyDwarfs
1.1175E+00;7.2444E+05;3.3000E+00;2.4062E+12;NearbyDwarfs
3.2640E-01;1.2303E+06;3.5100E+00;3.3959E+12;NearbyDwarfs
9.1870E-01;8.7096E+04;2.1700E+00;1.0174E+12;NearbyDwarfs
2.7714E+00;7.5858E+04;2.3000E+00;7.4421E+11;NearbyDwarfs
1.5272E+00;5.3703E+04;5.4100E+00;4.0485E+10;NearbyDwarfs
1.5310E+00;2.4547E+05;2.5700E+00;1.7262E+12;NearbyDwarfs
4.1440E-01;8.9125E+04;1.4980E+01;3.1648E+09;NearbyDwarfs
1.5770E+00;1.4791E+05;2.9800E+00;6.6716E+11;NearbyDwarfs
1.6416E+00;1.2023E+05;4.3400E+00;1.7556E+11;NearbyDwarfs
5.0760E-01;7.0795E+04;1.8560E+01;1.3217E+09;NearbyDwarfs
1.2132E+00;1.2303E+05;2.9000E+00;6.0213E+11;NearbyDwarfs
1.6501E+00;7.5858E+04;7.7900E+00;1.9154E+10;NearbyDwarfs
1.6881E+00;4.6774E+04;3.9700E+00;8.9230E+10;NearbyDwarfs
1.7491E+00;1.8197E+04;6.9000E-01;6.6120E+12;NearbyDwarfs
1.6577E+00;9.1201E+03;6.4500E+00;4.0570E+09;NearbyDwarfs
1.8045E+00;2.2909E+04;4.1300E+00;3.8818E+10;NearbyDwarfs
3.1329E+00;2.3442E+04;3.5700E+00;6.1500E+10;NearbyDwarfs
1.7097E+00;4.7863E+04;6.6500E+00;1.9427E+10;NearbyDwarfs
2.2022E+00;2.3442E+04;2.7700E+00;1.3166E+11;NearbyDwarfs
2.2890E-01;1.3490E+06;2.9200E+00;6.4675E+12;NearbyDwarfs
2.6390E-01;6.6069E+04;1.7900E+00;1.3751E+12;NearbyDwarfs
2.8722E+00;1.7378E+05;1.9100E+00;2.9770E+12;NearbyDwarfs
1.6886E+00;4.4668E+04;3.7700E+00;9.9508E+10;NearbyDwarfs
1.8699E+00;1.1482E+04;1.2600E+00;6.8513E+11;NearbyDwarfs
2.4826E+00;1.6982E+04;1.4500E+00;6.6493E+11;NearbyDwarfs
1.1974E+00;2.0893E+04;2.5200E+00;1.5584E+11;NearbyDwarfs
2.1191E+00;1.0965E+04;1.1900E+00;7.7668E+11;NearbyDwarfs
4.6490E-01;3.0200E+04;1.9500E+00;4.8616E+11;NearbyDwarfs
1.0000E-04;1.3490E+06;2.9500E+00;6.2721E+12;NearbyDwarfs
1.4720E-01;1.2882E+05;2.5600E+00;9.1656E+11;NearbyDwarfs
1.6120E-01;7.7625E+04;4.4600E+00;1.0444E+11;NearbyDwarfs
1.9640E-01;3.3113E+05;4.2400E+00;5.1854E+11;NearbyDwarfs
1.9570E-01;1.9953E+04;3.2100E+00;7.2006E+10;NearbyDwarfs
5.8150E-01;4.6774E+04;3.1800E+00;1.7362E+11;NearbyDwarfs
1.5705E+00;1.3490E+04;1.4300E+00;5.5065E+11;NearbyDwarfs
8.8080E-01;4.4668E+04;1.6900E+00;1.1046E+12;NearbyDwarfs
0.0000E+00;2.4547E+05;1.9700E+00;3.8325E+12;NearbyDwarfs
2.2695E+00;2.3442E+04;1.7700E+00;5.0462E+11;NearbyDwarfs
2.5483E+00;2.4547E+04;4.7600E+00;2.7168E+10;NearbyDwarfs
3.5746E+00;1.6596E+04;2.2200E+00;1.8106E+11;NearbyDwarfs
2.7178E+00;3.0200E+04;2.0300E+00;4.3092E+11;NearbyDwarfs
8.5820E-01;6.1660E+04;4.4800E+00;8.1855E+10;NearbyDwarfs
3.0517E+00;6.3096E+04;8.4800E+00;1.2351E+10;NearbyDwarfs
2.6810E-01;4.3652E+05;2.0900E+00;5.7075E+12;NearbyDwarfs
4.6980E-01;1.3490E+05;1.0320E+01;1.4650E+10;NearbyDwarfs
1.5270E-01;8.9125E+05;1.4500E+00;3.4896E+13;NearbyDwarfs
3.0310E-01;2.1380E+05;2.0800E+00;2.8359E+12;NearbyDwarfs
2.3494E+00;1.6596E+05;2.9300E+00;7.8755E+11;NearbyDwarfs
1.8046E+00;4.3652E+04;1.2000E+00;3.0154E+12;NearbyDwarfs
5.9120E-01;7.2444E+04;4.5400E+00;9.2409E+10;NearbyDwarfs
2.1082E+00;5.7544E+04;1.1550E+01;4.4580E+09;NearbyDwarfs
8.8070E-01;3.0903E+04;2.6000E+00;2.0988E+11;NearbyDwarfs
1.6120E+00;9.1201E+03;2.6600E+00;5.7841E+10;NearbyDwarfs
2.8230E+00;7.0795E+04;1.2850E+01;3.9826E+09;NearbyDwarfs
2.1303E+00;1.4791E+05;6.1400E+00;7.6274E+10;NearbyDwarfs
1.7200E-01;1.7378E+05;2.0100E+00;2.5544E+12;NearbyDwarfs
1.2979E+00;7.5858E+05;1.6200E+00;2.1298E+13;NearbyDwarfs
1.1577E+00;1.2882E+05;2.1600E+00;1.5259E+12;NearbyDwarfs
1.7157E+00;6.9183E+04;4.3100E+00;1.0315E+11;NearbyDwarfs
2.6548E+00;5.0119E+05;1.7300E+00;1.1554E+13;NearbyDwarfs
9.6230E-01;7.4131E+04;6.8100E+00;2.8018E+10;NearbyDwarfs
6.5760E-01;3.1623E+05;5.9700E+00;1.7740E+11;NearbyDwarfs
2.4130E-01;1.3804E+05;7.7500E+00;3.5398E+10;NearbyDwarfs
4.0180E-01;3.2359E+05;6.9600E+00;1.1457E+11;NearbyDwarfs
8.9600E-01;7.2444E+04;8.5400E+00;1.3884E+10;NearbyDwarfs
3.0607E+00;1.2303E+05;6.6000E+00;5.1080E+10;NearbyDwarfs
1.5720E+00;5.1286E+05;2.2300E+00;5.5204E+12;NearbyDwarfs
1.6681E+00;2.2387E+05;3.3400E+00;7.1720E+11;NearbyDwarfs
6.3220E-01;3.2359E+05;2.7300E+00;1.8984E+12;NearbyDwarfs
1.0709E+00;4.8978E+05;1.0430E+01;5.1526E+10;NearbyDwarfs
1.3897E+00;1.7783E+05;3.3000E+00;5.9066E+11;NearbyDwarfs
4.7124E+00;3.0903E+04;4.2000E+00;4.9789E+10;NearbyDwarfs
3.4915E+00;6.0256E+04;4.5000E+00;7.8930E+10;NearbyDwarfs
2.6953E+00;1.5136E+04;3.2600E+00;5.2147E+10;NearbyDwarfs
1.9240E+00;1.4125E+04;5.2000E-01;1.1991E+13;NearbyDwarfs
1.3142E+00;1.0233E+05;3.1700E+00;3.8345E+11;NearbyDwarfs
1.6762E+00;1.1749E+04;1.0600E+00;1.1775E+12;NearbyDwarfs
1.2245E+00;2.3988E+05;8.5300E+00;4.6135E+10;NearbyDwarfs
6.1420E-01;4.5709E+05;1.8000E+00;9.3554E+12;NearbyDwarfs
1.0072E+00;2.1878E+05;4.4400E+00;2.9835E+11;NearbyDwarfs
2.5400E-01;3.5481E+05;1.6600E+00;9.2589E+12;NearbyDwarfs
2.2153E+00;6.7608E+04;1.3630E+01;3.1871E+09;NearbyDwarfs
1.5305E+00;1.9498E+05;3.2300E+00;6.9068E+11;NearbyDwarfs
4.8180E-01;2.1878E+06;2.6200E+00;1.4520E+13;NearbyDwarfs
5.1460E-01;1.3183E+04;5.2900E+00;1.0630E+10;NearbyDwarfs
1.2762E+00;9.5499E+04;3.1900E+00;3.5116E+11;NearbyDwarfs
1.8817E+00;1.6218E+05;2.1900E+00;1.8431E+12;NearbyDwarfs
1.0589E+00;1.2882E+05;1.2100E+00;8.6801E+12;NearbyDwarfs
1.3055E+00;4.0738E+06;1.1400E+00;3.2822E+14;NearbyDwarfs
8.6420E-01;8.3176E+04;3.4300E+00;2.4604E+11;NearbyDwarfs
7.0100E-02;1.1749E+06;3.2700E+00;4.0109E+12;NearbyDwarfs
6.8330E-01;1.6982E+05;1.0780E+01;1.6182E+10;NearbyDwarfs
1.6790E-01;2.5119E+05;4.2400E+00;3.9335E+11;NearbyDwarfs
1.2228E+00;3.3113E+05;7.0200E+00;1.1425E+11;NearbyDwarfs
3.1240E-01;2.0893E+05;3.1100E+00;8.2909E+11;NearbyDwarfs
3.1750E-01;4.6774E+06;4.7300E+00;5.2759E+12;NearbyDwarfs
5.0580E-01;2.1878E+05;4.7600E+00;2.4214E+11;NearbyDwarfs
3.1160E-01;2.6303E+05;3.1300E+00;1.0239E+12;NearbyDwarfs
3.1420E-01;1.9953E+05;6.2000E+00;9.9932E+10;NearbyDwarfs
2.7926E+00;3.7154E+04;2.1400E+00;4.5252E+11;NearbyDwarfs
6.2090E-01;2.0893E+04;1.4100E+00;8.8966E+11;NearbyDwarfs
5.4770E-01;3.8905E+05;6.8000E-01;1.4769E+14;NearbyDwarfs
4.8920E-01;8.7096E+04;1.5090E+01;3.0256E+09;NearbyDwarfs
1.1415E+00;5.8884E+04;3.3800E+00;1.8203E+11;NearbyDwarfs
6.5430E-01;2.0893E+05;3.4200E+00;6.2345E+11;NearbyDwarfs
2.9562E+00;2.9512E+05;3.2000E+00;1.0751E+12;NearbyDwarfs
2.9230E-01;1.1482E+05;3.1100E+00;4.5562E+11;NearbyDwarfs
9.0600E-01;2.0417E+05;3.9700E+00;3.8950E+11;NearbyDwarfs
8.2110E-01;1.0000E+05;5.5900E+00;6.8335E+10;NearbyDwarfs
1.5658E+00;9.7724E+04;8.1000E+00;2.1950E+10;NearbyDwarfs
2.9199E+00;9.1201E+04;5.7700E+00;5.6670E+10;NearbyDwarfs
7.3530E-01;4.2658E+05;4.5000E-01;5.5878E+14;NearbyDwarfs
4.7890E-01;2.0417E+05;3.9700E+00;3.8950E+11;NearbyDwarfs
1.8390E-01;2.2387E+05;2.1500E+00;2.6889E+12;NearbyDwarfs
2.9740E-01;1.1749E+05;3.3700E+00;3.6643E+11;NearbyDwarfs
7.4510E-01;1.2882E+05;4.9200E+00;1.2912E+11;NearbyDwarfs
6.1640E-01;8.9125E+04;2.8000E+00;4.8463E+11;NearbyDwarfs
1.7451E+00;1.4791E+05;1.6020E+01;4.2943E+09;NearbyDwarfs
1.3959E+00;6.9183E+04;1.8790E+01;1.2448E+09;NearbyDwarfs
3.5959E+00;3.0200E+04;1.4900E+00;1.0897E+12;NearbyDwarfs
1.7629E+00;2.5704E+04;7.6300E+00;6.9073E+09;NearbyDwarfs
3.3255E+00;1.1482E+05;9.6400E+00;1.5299E+10;NearbyDwarfs
1.9195E+00;3.0200E+05;4.1200E+00;5.1545E+11;NearbyDwarfs
2.1725E+00;8.1283E+04;7.1300E+00;2.6768E+10;NearbyDwarfs
2.5319E+00;1.1220E+05;2.3900E+00;9.8104E+11;NearbyDwarfs
3.4304E+00;5.4954E+04;1.3630E+01;2.5906E+09;NearbyDwarfs
5.1746E+00;4.0738E+04;8.5500E+00;7.7801E+09;NearbyDwarfs
2.9386E+00;3.2359E+05;1.9160E+01;5.4915E+09;NearbyDwarfs
3.6383E+00;1.0000E+05;2.7200E+00;5.9316E+11;NearbyDwarfs
3.8874E+00;2.3442E+04;2.5500E+00;1.6876E+11;NearbyDwarfs
3.9920E-01;7.2444E+04;6.6200E+00;2.9806E+10;NearbyDwarfs
5.0130E-01;1.1482E+05;3.5500E+00;3.0634E+11;NearbyDwarfs
6.6020E-01;8.1283E+04;1.4810E+01;2.9869E+09;NearbyDwarfs
1.0254E+00;1.4791E+05;1.9600E+00;2.3448E+12;NearbyDwarfs
1.0971E+00;3.8905E+05;2.8900E+00;1.9239E+12;NearbyDwarfs
1.3666E+00;1.4125E+05;4.5100E+00;1.8380E+11;NearbyDwarfs
4.9290E-01;2.6915E+05;2.8700E+00;1.3591E+12;NearbyDwarfs
0.0000E+00;1.5849E+06;2.5000E+00;1.2108E+13;NearbyDwarfs
1.1704E+00;1.1749E+05;7.4800E+00;3.3510E+10;NearbyDwarfs
6.2680E-01;1.1749E+05;4.7700E+00;1.2922E+11;NearbyDwarfs
3.4303E+00;9.1201E+04;2.7700E+00;5.1220E+11;NearbyDwarfs
2.1876E+00;3.3884E+04;2.8900E+00;1.6757E+11;NearbyDwarfs
1.5399E+00;1.0233E+05;2.9100E+00;4.9568E+11;NearbyDwarfs
3.0196E+00;3.1623E+04;6.5900E+00;1.3189E+10;NearbyDwarfs
3.0379E+00;1.5136E+04;2.8700E+00;7.6425E+10;NearbyDwarfs
9.7020E-01;7.2444E+04;3.1600E+00;2.7404E+11;NearbyDwarfs
2.0050E-01;7.0795E+04;3.4200E+00;2.1125E+11;NearbyDwarfs
8.8000E-03;1.0715E+07;2.3100E+00;1.0376E+14;NearbyDwarfs
3.7220E-01;4.4668E+04;2.2300E+00;4.8080E+11;NearbyDwarfs
5.5730E-01;3.6308E+04;5.5000E-01;2.6049E+13;NearbyDwarfs
2.1078E+00;8.7096E+04;1.5600E+00;2.7385E+12;NearbyDwarfs
6.4240E-01;6.1660E+04;3.4800E+00;1.7464E+11;NearbyDwarfs
9.8680E-01;1.4791E+05;1.1300E+00;1.2236E+13;NearbyDwarfs
5.7560E-01;2.9512E+04;2.2900E+00;2.9334E+11;NearbyDwarfs
6.4970E-01;3.0903E+05;1.3300E+00;1.5679E+13;NearbyDwarfs
1.2598E+00;1.0471E+05;1.1400E+00;8.4366E+12;NearbyDwarfs
1.5278E+00;1.8621E+05;1.8600E+00;3.4542E+12;NearbyDwarfs
2.7222E+00;5.1286E+04;1.3100E+00;2.7231E+12;NearbyDwarfs
1.3312E+00;1.1749E+05;1.3400E+00;5.8286E+12;NearbyDwarfs
1.7680E+00;6.1660E+04;1.5400E+00;2.0152E+12;NearbyDwarfs
1.8750E+00;7.4131E+04;1.3500E+00;3.5965E+12;NearbyDwarfs
1.2392E+01;1.6659E+05;7.1520E+00;5.4356E+10;NGC5846-UDG1-1
9.6478E+00;2.0658E+05;7.4586E+00;5.9429E+10;NGC5846-UDG1-1
2.2656E+00;2.3423E+05;7.8417E+00;5.7981E+10;NGC5846-UDG1-1
1.2133E+00;3.0433E+05;7.2798E+00;9.4163E+10;NGC5846-UDG1-1
1.7332E+00;2.6092E+05;9.2721E+00;3.9071E+10;NGC5846-UDG1-1
1.0062E+00;4.8106E+05;7.1265E+00;1.5865E+11;NGC5846-UDG1-1
8.4435E-01;5.1708E+05;6.9477E+00;1.8404E+11;NGC5846-UDG1-1
2.6467E+00;1.7614E+05;1.0064E+01;2.0627E+10;NGC5846-UDG1-1
1.3128E+00;2.2091E+05;7.3308E+00;6.6933E+10;NGC5846-UDG1-1
2.0439E+00;3.3507E+05;7.5607E+00;9.2540E+10;NGC5846-UDG1-1
8.7603E-01;6.4198E+05;7.5607E+00;1.7730E+11;NGC5846-UDG1-1
2.0261E-01;9.5019E+05;7.0243E+00;3.2725E+11;NGC5846-UDG1-1
6.5189E-01;2.8649E+05;6.6667E+00;1.1541E+11;NGC5846-UDG1-1
1.9631E-01;1.4941E+06;8.1482E+00;3.2966E+11;NGC5846-UDG1-1
8.5367E-01;2.9399E+05;6.8455E+00;1.0939E+11;NGC5846-UDG1-1
1.4412E+00;1.6445E+05;7.4075E+00;4.8296E+10;NGC5846-UDG1-1
6.2704E-01;5.7102E+05;7.1010E+00;1.9036E+11;NGC5846-UDG1-1
2.0231E+00;2.1047E+05;6.7944E+00;8.0094E+10;NGC5846-UDG1-1
1.6964E+00;4.7544E+05;7.4586E+00;1.3678E+11;NGC5846-UDG1-1
1.5716E+00;4.1645E+05;6.4879E+00;1.8202E+11;NGC5846-UDG1-1
2.6360E+00;1.7684E+05;8.0716E+00;4.0142E+10;NGC5846-UDG1-1
2.4595E+00;6.9805E+05;6.9222E+00;2.5121E+11;NGC5846-UDG1-1
1.5538E+01;1.0477E+05;9.3743E+00;1.5181E+10;NGC5846-UDG1-2
1.3789E+01;1.4376E+05;1.1316E+01;1.1844E+10;NGC5846-UDG1-2
1.1854E+01;1.7257E+05;5.4151E+00;1.2973E+11;NGC5846-UDG1-2
1.1317E+01;1.3388E+05;9.6553E+00;1.7755E+10;NGC5846-UDG1-2
1.0437E+01;1.4838E+05;5.5939E+00;1.0119E+11;NGC5846-UDG1-2
3.3686E+00;1.2791E+05;7.8928E+00;3.1051E+10;NGC5846-UDG1-2
2.1076E+00;1.0985E+05;5.4917E+00;7.9170E+10;NGC5846-UDG1-2
3.4436E+00;1.4723E+05;1.0983E+01;1.3263E+10;NGC5846-UDG1-2
1.6606E+00;9.7353E+04;8.1482E+00;2.1481E+10;NGC5846-UDG1-2
3.7242E+00;2.4177E+05;1.1060E+01;2.1330E+10;NGC5846-UDG1-2
9.5937E-01;1.5347E+05;7.4075E+00;4.5070E+10;NGC5846-UDG1-2
8.2315E-01;7.8615E+04;8.4803E+00;1.5387E+10;NGC5846-UDG1-2
1.6497E+00;1.4290E+05;7.0499E+00;4.8682E+10;NGC5846-UDG1-2
5.9359E-01;1.4696E+05;7.2031E+00;4.6938E+10;NGC5846-UDG1-2
1.1707E+00;1.0389E+05;9.8341E+00;1.3039E+10;NGC5846-UDG1-2
1.3901E+00;1.0773E+05;7.1520E+00;3.5152E+10;NGC5846-UDG1-2
5.4694E+00;1.3403E+05;7.3564E+00;4.0188E+10;NGC5846-UDG1-2
3.4438E+00;1.1179E+05;6.3602E+00;5.1862E+10;NGC5846-UDG1-2
3.2391E+00;1.2519E+05;8.3270E+00;2.5881E+10;NGC5846-UDG1-2
4.3146E+00;1.4762E+05;6.3347E+00;6.9319E+10;NGC5846-UDG1-2
1.5323E+01;6.6735E+04;5.6450E+00;4.4284E+10;NGC5846-UDG1-3
1.5073E+01;4.0298E+04;2.0792E+01;5.3515E+08;NGC5846-UDG1-3
1.5752E+01;3.7609E+04;1.6450E+01;1.0086E+09;NGC5846-UDG1-3
1.4567E+01;3.6511E+04;8.7868E+00;6.4241E+09;NGC5846-UDG1-3
1.5650E+01;7.5912E+04;1.2210E+01;4.9784E+09;NGC5846-UDG1-3
1.4028E+01;3.1211E+04;1.4227E+01;1.2936E+09;NGC5846-UDG1-3
1.3858E+01;9.3216E+04;2.2606E+01;9.6322E+08;NGC5846-UDG1-3
1.4813E+01;4.5999E+04;1.7012E+01;1.1153E+09;NGC5846-UDG1-3
1.4806E+01;5.4108E+04;1.8800E+01;9.7207E+08;NGC5846-UDG1-3
1.4825E+01;3.4611E+04;5.0064E+00;3.2924E+10;NGC5846-UDG1-3
1.4239E+01;5.3571E+04;1.0677E+01;5.2537E+09;NGC5846-UDG1-3
1.3463E+01;6.5960E+04;2.0562E+01;9.0564E+08;NGC5846-UDG1-3
1.4097E+01;5.6034E+04;2.0664E+01;7.5801E+08;NGC5846-UDG1-3
1.5946E+01;5.4959E+04;1.2899E+01;3.0565E+09;NGC5846-UDG1-3
1.4022E+01;4.0279E+04;8.1227E+00;8.9715E+09;NGC5846-UDG1-3
1.3925E+01;4.4169E+04;1.3104E+01;2.3433E+09;NGC5846-UDG1-3
1.3386E+01;3.5040E+04;1.3385E+01;1.7444E+09;NGC5846-UDG1-3
1.4886E+01;9.7423E+04;1.9489E+01;1.5709E+09;NGC5846-UDG1-3
1.3070E+01;5.9038E+04;1.2184E+01;3.8962E+09;NGC5846-UDG1-3
1.3277E+01;4.7275E+04;2.0409E+01;6.6382E+08;NGC5846-UDG1-3
1.7285E+01;6.6970E+04;2.1175E+01;8.4194E+08;NGC5846-UDG1-3
1.2497E+01;3.5504E+04;1.7778E+01;7.5424E+08;NGC5846-UDG1-3
1.5812E+01;4.8618E+04;1.6935E+01;1.1949E+09;NGC5846-UDG1-3
1.7910E+01;8.1548E+04;1.4764E+01;3.0248E+09;NGC5846-UDG1-3
1.4045E+01;6.6759E+04;1.0575E+01;6.7387E+09;NGC5846-UDG1-3
1.2268E+01;4.0621E+04;1.7701E+01;8.7422E+08;NGC5846-UDG1-3
1.2781E+01;6.2362E+04;1.9259E+01;1.0420E+09;NGC5846-UDG1-3
1.2127E+01;7.6530E+04;1.6271E+01;2.1207E+09;NGC5846-UDG1-3
1.1794E+01;4.6145E+04;1.9285E+01;7.6799E+08;NGC5846-UDG1-3
1.3321E+01;8.9076E+04;1.7522E+01;1.9763E+09;NGC5846-UDG1-3
1.3322E+01;3.1157E+04;1.1494E+01;2.4490E+09;NGC5846-UDG1-3
1.2003E+01;4.7255E+04;8.5824E+00;8.9227E+09;NGC5846-UDG1-3
1.1443E+01;5.1437E+04;9.3487E+00;7.5145E+09;NGC5846-UDG1-3
1.1396E+01;5.9918E+04;1.5837E+01;1.8007E+09;NGC5846-UDG1-3
1.2710E+01;4.3034E+04;1.3206E+01;2.2305E+09;NGC5846-UDG1-3
1.2512E+01;7.4535E+04;1.1545E+01;5.7811E+09;NGC5846-UDG1-3
1.0960E+01;4.5602E+04;1.9132E+01;7.7734E+08;NGC5846-UDG1-3
1.2276E+01;8.5152E+04;2.2044E+01;9.4891E+08;NGC5846-UDG1-3
1.0837E+01;7.7010E+04;1.4355E+01;3.1074E+09;NGC5846-UDG1-3
1.1337E+01;8.4482E+04;1.2286E+01;5.4375E+09;NGC5846-UDG1-3
1.1431E+01;6.2298E+04;1.5198E+01;2.1183E+09;NGC5846-UDG1-3
1.2979E+01;2.9650E+04;1.3461E+01;1.4510E+09;NGC5846-UDG1-3
1.2549E+01;9.4482E+04;2.0460E+01;1.3168E+09;NGC5846-UDG1-3
1.0380E+01;2.7961E+04;9.8596E+00;3.4822E+09;NGC5846-UDG1-3
1.2795E+01;7.1592E+04;1.5658E+01;2.2261E+09;NGC5846-UDG1-3
1.2588E+01;5.2474E+04;2.2580E+01;5.4406E+08;NGC5846-UDG1-3
1.0319E+01;2.5325E+04;1.9796E+01;3.8968E+08;NGC5846-UDG1-3
9.9076E+00;7.4637E+04;2.1788E+01;8.6133E+08;NGC5846-UDG1-3
1.2002E+01;1.1518E+05;1.7395E+01;2.6123E+09;NGC5846-UDG1-3
1.2903E+01;3.2212E+04;1.6782E+01;8.1355E+08;NGC5846-UDG1-3
9.5686E+00;7.0947E+04;1.2823E+01;4.0169E+09;NGC5846-UDG1-3
1.5879E+01;6.1883E+04;1.9975E+01;9.2687E+08;NGC5846-UDG1-3
1.3404E+01;2.8804E+04;1.1418E+01;2.3099E+09;NGC5846-UDG1-3
9.2575E+00;5.3555E+04;1.1750E+01;3.9409E+09;NGC5846-UDG1-3
1.4010E+01;1.0121E+05;1.6731E+01;2.5798E+09;NGC5846-UDG1-3
9.3535E+00;5.5421E+04;8.0460E+00;1.2700E+10;NGC5846-UDG1-3
9.3103E+00;4.0633E+04;9.9873E+00;4.8688E+09;NGC5846-UDG1-3
9.1378E+00;4.5109E+04;1.6884E+01;1.1187E+09;NGC5846-UDG1-3
1.3456E+01;5.3218E+04;1.0089E+01;6.1849E+09;NGC5846-UDG1-3
9.8581E+00;6.7011E+04;2.3832E+01;5.9097E+08;NGC5846-UDG1-3
9.9009E+00;2.8924E+04;1.1290E+01;2.3991E+09;NGC5846-UDG1-3
8.5784E+00;6.6688E+04;2.0945E+01;8.6631E+08;NGC5846-UDG1-3
1.0074E+01;2.6447E+04;1.2669E+01;1.5524E+09;NGC5846-UDG1-3
1.1973E+01;7.0629E+04;1.9464E+01;1.1434E+09;NGC5846-UDG1-3
1.0012E+01;8.6641E+04;1.6424E+01;2.3343E+09;NGC5846-UDG1-3
1.1320E+01;1.0119E+05;1.4074E+01;4.3326E+09;NGC5846-UDG1-3
1.4963E+01;1.2243E+04;1.1980E+01;8.5004E+08;NGC5846-UDG1-3
1.0612E+01;5.2372E+04;1.4789E+01;1.9325E+09;NGC5846-UDG1-3
8.8247E+00;3.4519E+04;1.4406E+01;1.3781E+09;NGC5846-UDG1-3
1.0568E+01;1.3374E+04;1.2950E+01;7.3504E+08;NGC5846-UDG1-3
9.1604E+00;4.2273E+04;1.3895E+01;1.8808E+09;NGC5846-UDG1-3
9.7896E+00;4.4434E+04;1.3998E+01;1.9339E+09;NGC5846-UDG1-3
7.5042E+00;5.4553E+04;2.0511E+01;7.5463E+08;NGC5846-UDG1-3
7.4653E+00;8.0718E+04;1.6015E+01;2.3455E+09;NGC5846-UDG1-3
1.1351E+01;1.0113E+05;2.6820E+01;6.2572E+08;NGC5846-UDG1-3
6.8355E+00;8.4175E+04;1.2235E+01;5.4858E+09;NGC5846-UDG1-3
8.4184E+00;8.1433E+04;2.4138E+01;6.9115E+08;NGC5846-UDG1-3
6.4228E+00;1.0166E+05;2.1941E+01;1.1487E+09;NGC5846-UDG1-3
1.2503E+01;6.2233E+04;2.3219E+01;5.9347E+08;NGC5846-UDG1-3
6.6683E+00;6.4179E+04;2.7305E+01;3.7629E+08;NGC5846-UDG1-3
6.5526E+00;4.1700E+04;2.2554E+01;4.3383E+08;NGC5846-UDG1-3
1.2440E+01;4.2987E+04;1.4457E+01;1.6981E+09;NGC5846-UDG1-3
1.0402E+01;3.4851E+04;2.7944E+01;1.9064E+08;NGC5846-UDG1-3
6.0060E+00;7.6123E+04;2.2376E+01;8.1109E+08;NGC5846-UDG1-3
8.7210E+00;9.0843E+04;1.0626E+01;9.0381E+09;NGC5846-UDG1-3
1.3127E+01;6.5953E+04;1.0038E+01;7.7826E+09;NGC5846-UDG1-3
7.5071E+00;3.5875E+04;2.1099E+01;4.5595E+08;NGC5846-UDG1-3
9.1166E+00;6.0666E+04;1.6424E+01;1.6345E+09;NGC5846-UDG1-3
1.0795E+01;3.7900E+04;1.5888E+01;1.1281E+09;NGC5846-UDG1-3
6.6344E+00;4.1875E+04;1.5351E+01;1.3817E+09;NGC5846-UDG1-3
6.3004E+00;6.5076E+04;1.5479E+01;2.0944E+09;NGC5846-UDG1-3
8.3674E+00;6.4153E+04;2.2989E+01;6.3032E+08;NGC5846-UDG1-3
8.3501E+00;6.8887E+04;1.3385E+01;3.4293E+09;NGC5846-UDG1-3
8.4042E+00;5.3304E+04;1.6961E+01;1.3041E+09;NGC5846-UDG1-3
9.5289E+00;5.0131E+04;1.4687E+01;1.8887E+09;NGC5846-UDG1-3
1.1434E+01;4.2061E+04;5.4662E+00;3.0740E+10;NGC5846-UDG1-3
9.0404E+00;7.1764E+04;1.4304E+01;2.9269E+09;NGC5846-UDG1-3
9.6669E+00;3.6368E+04;1.4151E+01;1.5320E+09;NGC5846-UDG1-3
6.1864E+00;1.4792E+05;2.4113E+01;1.2594E+09;NGC5846-UDG1-3
6.1670E+00;8.3383E+04;2.1686E+01;9.7594E+08;NGC5846-UDG1-3
9.4752E+00;5.5795E+04;5.2363E+00;4.6388E+10;NGC5846-UDG1-3
9.8570E+00;7.8482E+03;1.7446E+01;1.7643E+08;NGC5846-UDG1-3
8.0095E+00;6.0397E+04;6.1303E+00;3.1293E+10;NGC5846-UDG1-3
9.1394E+00;1.1357E+05;1.9668E+01;1.7817E+09;NGC5846-UDG1-3
7.8492E+00;3.9492E+04;1.0830E+01;3.7109E+09;NGC5846-UDG1-3
7.1516E+00;6.4686E+04;2.4726E+01;5.1080E+08;NGC5846-UDG1-3
8.1899E+00;8.8984E+04;2.1252E+01;1.1066E+09;NGC5846-UDG1-3
9.0337E+00;4.1092E+04;1.5581E+01;1.2967E+09;NGC5846-UDG1-3
9.5814E+00;4.0879E+04;1.2925E+01;2.2600E+09;NGC5846-UDG1-3
7.0061E+00;2.5299E+04;1.1980E+01;1.7565E+09;NGC5846-UDG1-3
8.6280E+00;9.8901E+04;1.3512E+01;4.7852E+09;NGC5846-UDG1-3
7.9646E+00;3.7254E+04;1.5249E+01;1.2541E+09;NGC5846-UDG1-3
9.1573E+00;5.0437E+04;2.0562E+01;6.9252E+08;NGC5846-UDG1-3
1.0534E+01;2.0249E+04;1.3052E+01;1.0869E+09;NGC5846-UDG1-3
7.9781E+00;4.2719E+04;2.2835E+01;4.2822E+08;NGC5846-UDG1-3
8.5329E+00;5.2174E+04;9.7830E+00;6.6515E+09;NGC5846-UDG1-3
1.0465E+01;3.0015E+03;9.0422E+00;4.8461E+08;NGC5846-UDG1-3
6.5258E+00;8.9873E+04;2.4623E+01;7.1856E+08;NGC5846-UDG1-3
8.8625E+00;1.1846E+05;1.5121E+01;4.0896E+09;NGC5846-UDG1-3
6.7472E+00;8.0987E+04;1.0600E+01;8.1159E+09;NGC5846-UDG1-3
6.8539E+00;4.4680E+04;1.0958E+01;4.0533E+09;NGC5846-UDG1-3
9.6045E+00;5.7660E+04;1.4713E+01;2.1611E+09;NGC5846-UDG1-3
9.1921E+00;3.7895E+04;2.1303E+01;4.6790E+08;NGC5846-UDG1-3
8.4320E+00;2.4652E+04;9.7063E+00;3.2178E+09;NGC5846-UDG1-3
8.4751E+00;1.0169E+05;2.5926E+01;6.9652E+08;NGC5846-UDG1-3
1.0849E+01;5.4703E+04;1.6399E+01;1.4807E+09;NGC5846-UDG1-3
7.3586E+00;8.8638E+04;2.3729E+01;7.9185E+08;NGC5846-UDG1-3
6.6989E+00;4.8174E+04;5.7983E+00;2.9499E+10;NGC5846-UDG1-3
1.1391E+01;1.2979E+05;5.3640E+00;1.0038E+11;NGC5846-UDG1-3
7.9571E+00;3.9480E+04;2.4598E+01;3.1664E+08;NGC5846-UDG1-3
7.9053E+00;5.5345E+04;2.0051E+01;8.1947E+08;NGC5846-UDG1-3
9.8398E+00;2.0420E+04;1.2593E+01;1.2206E+09;NGC5846-UDG1-3
7.5375E+00;4.0696E+04;1.9643E+01;6.4096E+08;NGC5846-UDG1-3
1.1433E+01;7.0364E+04;1.9081E+01;1.2091E+09;NGC5846-UDG1-3
6.0861E+00;5.3209E+04;1.4330E+01;2.1585E+09;NGC5846-UDG1-3
9.3597E+00;3.4708E+04;1.7497E+01;7.7343E+08;NGC5846-UDG1-3
8.5882E+00;2.1028E+04;1.3359E+01;1.0529E+09;NGC5846-UDG1-3
7.8572E+00;7.0274E+04;2.2222E+01;7.6437E+08;NGC5846-UDG1-3
1.0369E+01;9.4392E+04;2.5824E+01;6.5426E+08;NGC5846-UDG1-3
8.9324E+00;8.1489E+04;2.0000E+01;1.2158E+09;NGC5846-UDG1-3
7.5449E+00;6.0208E+04;1.3844E+01;2.7085E+09;NGC5846-UDG1-3
7.9141E+00;6.1128E+04;2.0281E+01;8.7466E+08;NGC5846-UDG1-3
6.5352E+00;5.2465E+04;1.3282E+01;2.6725E+09;NGC5846-UDG1-3
1.0812E+01;2.2608E+04;1.8084E+01;4.5627E+08;NGC5846-UDG1-3
9.4703E+00;3.7944E+04;2.0307E+01;5.4089E+08;NGC5846-UDG1-3
6.8032E+00;7.8506E+04;5.4662E+00;5.7375E+10;NGC5846-UDG1-3
9.1969E+00;3.1229E+04;8.0971E+00;7.0218E+09;NGC5846-UDG1-3
6.3692E+00;6.0458E+04;1.7829E+01;1.2734E+09;NGC5846-UDG1-3
6.1426E+00;2.6995E+04;7.1265E+00;8.9031E+09;NGC5846-UDG1-3
7.5272E+00;8.3090E+04;1.0907E+01;7.6442E+09;NGC5846-UDG1-3
7.8609E+00;5.1351E+04;6.5901E+00;2.1417E+10;NGC5846-UDG1-3
1.0137E+01;2.4852E+04;1.1213E+01;2.1039E+09;NGC5846-UDG1-3
8.2859E+00;3.8122E+04;1.5326E+01;1.2641E+09;NGC5846-UDG1-3
7.3163E+00;1.5404E+04;1.2976E+01;8.4159E+08;NGC5846-UDG1-3
7.9375E+00;8.0835E+04;2.3627E+01;7.3154E+08;NGC5846-UDG1-3
5.8596E+00;4.0390E+04;1.3436E+01;1.9879E+09;NGC5846-UDG1-3
4.8061E+00;4.6793E+04;1.0728E+01;4.5238E+09;NGC5846-UDG1-3
4.5018E+00;7.2100E+04;2.5339E+01;5.2901E+08;NGC5846-UDG1-3
5.4343E+00;2.3356E+04;1.8953E+01;4.0950E+08;NGC5846-UDG1-3
5.2931E+00;3.3700E+04;1.2669E+01;1.9781E+09;NGC5846-UDG1-3
5.4885E+00;9.3109E+04;9.2210E+00;1.4175E+10;NGC5846-UDG1-3
4.6309E+00;7.7368E+04;7.8162E+00;1.9340E+10;NGC5846-UDG1-3
3.4173E+00;6.7978E+04;2.3857E+01;5.9758E+08;NGC5846-UDG1-3
3.7710E+00;9.6692E+04;7.4075E+00;2.8396E+10;NGC5846-UDG1-3
3.4188E+00;4.3039E+04;1.7701E+01;9.2625E+08;NGC5846-UDG1-3
5.4702E+00;4.1546E+04;1.6501E+01;1.1038E+09;NGC5846-UDG1-3
3.6064E+00;4.7818E+04;1.8059E+01;9.6917E+08;NGC5846-UDG1-3
2.9374E+00;7.3771E+04;1.6577E+01;1.9329E+09;NGC5846-UDG1-3
5.1587E+00;4.0678E+04;2.1099E+01;5.1700E+08;NGC5846-UDG1-3
3.0949E+00;5.6080E+04;4.9298E+00;5.5873E+10;NGC5846-UDG1-3
4.5942E+00;1.9398E+04;1.9106E+01;3.3199E+08;NGC5846-UDG1-3
5.8158E+00;4.0190E+04;9.9107E+00;4.9282E+09;NGC5846-UDG1-3
5.8524E+00;1.1220E+05;1.7574E+01;2.4677E+09;NGC5846-UDG1-3
5.8086E+00;1.4457E+05;3.0243E+01;6.2388E+08;NGC5846-UDG1-3
2.3284E+00;9.8600E+04;9.4509E+00;1.3942E+10;NGC5846-UDG1-3
2.6614E+00;1.1050E+05;2.9119E+01;5.3421E+08;NGC5846-UDG1-3
2.3983E+00;7.5719E+04;2.0485E+01;1.0513E+09;NGC5846-UDG1-3
2.1434E+00;3.8858E+04;1.3946E+01;1.7099E+09;NGC5846-UDG1-3
4.7014E+00;3.2457E+04;1.8697E+01;5.9270E+08;NGC5846-UDG1-3
1.6042E+00;1.1611E+05;1.4508E+01;4.5382E+09;NGC5846-UDG1-3
1.6466E+00;4.2410E+04;1.3231E+01;2.1855E+09;NGC5846-UDG1-3
1.5570E+00;1.1734E+05;2.2171E+01;1.2852E+09;NGC5846-UDG1-3
1.3229E+00;4.4296E+04;9.7574E+00;5.6917E+09;NGC5846-UDG1-3
3.0624E+00;6.9254E+04;2.5262E+01;5.1277E+08;NGC5846-UDG1-3
3.3083E+00;2.1016E+04;1.6680E+01;5.4059E+08;NGC5846-UDG1-3
2.1242E+00;4.4483E+04;1.9898E+01;6.7398E+08;NGC5846-UDG1-3
1.3073E+00;4.8497E+04;1.1035E+01;4.3086E+09;NGC5846-UDG1-3
3.4943E+00;3.8292E+04;2.1201E+01;4.7967E+08;NGC5846-UDG1-3
1.7381E+00;4.5890E+04;1.0447E+01;4.8041E+09;NGC5846-UDG1-3
5.9234E+00;7.2480E+04;1.4892E+01;2.6199E+09;NGC5846-UDG1-3
4.1397E+00;6.1909E+04;2.2503E+01;6.4847E+08;NGC5846-UDG1-3
1.3389E+00;7.3021E+04;1.8493E+01;1.3782E+09;NGC5846-UDG1-3
1.3064E+00;1.2133E+05;1.1929E+01;8.5324E+09;NGC5846-UDG1-3
5.2575E+00;3.1153E+04;2.3500E+01;2.8655E+08;NGC5846-UDG1-3
9.9470E-01;5.9856E+04;1.7548E+01;1.3222E+09;NGC5846-UDG1-3
8.7181E-01;9.0726E+04;6.5135E+00;3.9190E+10;NGC5846-UDG1-3
1.3735E+00;6.7569E+04;2.3959E+01;5.8642E+08;NGC5846-UDG1-3
2.7558E+00;3.5007E+04;2.2452E+01;3.6919E+08;NGC5846-UDG1-3
5.9266E+00;3.4288E+04;1.8340E+01;6.6348E+08;NGC5846-UDG1-3
5.0258E+00;3.3832E+04;1.6348E+01;9.2438E+08;NGC5846-UDG1-3
2.1982E+00;1.3052E+05;2.4215E+01;1.0972E+09;NGC5846-UDG1-3
1.5174E+00;8.0174E+04;1.3257E+01;4.1077E+09;NGC5846-UDG1-3
4.3636E+00;5.6174E+04;2.3755E+01;5.0021E+08;NGC5846-UDG1-3
2.0600E+00;4.7595E+04;1.5709E+01;1.4656E+09;NGC5846-UDG1-3
2.0979E+00;1.3431E+05;1.8953E+01;2.3548E+09;NGC5846-UDG1-3
2.1463E+00;3.5850E+04;1.6986E+01;8.7315E+08;NGC5846-UDG1-3
5.8717E+00;3.6050E+04;1.6348E+01;9.8499E+08;NGC5846-UDG1-3
3.8223E+00;4.0432E+04;1.6833E+01;1.0119E+09;NGC5846-UDG1-3
5.9448E+00;7.8283E+04;1.5811E+01;2.3641E+09;NGC5846-UDG1-3
4.1024E+00;4.1079E+04;1.3231E+01;2.1169E+09;NGC5846-UDG1-3
2.0778E+00;2.6383E+04;1.8570E+01;4.9180E+08;NGC5846-UDG1-3
2.8346E+00;5.1280E+04;1.6833E+01;1.2834E+09;NGC5846-UDG1-3
2.2525E+00;7.7442E+04;7.2287E+00;2.4473E+10;NGC5846-UDG1-3
4.5873E+00;2.3547E+04;1.6756E+01;5.9743E+08;NGC5846-UDG1-3
2.9105E+00;7.2381E+04;2.7561E+01;4.1269E+08;NGC5846-UDG1-3
3.4638E+00;4.5509E+04;1.0141E+01;5.2095E+09;NGC5846-UDG1-3
2.8824E+00;5.6066E+04;1.7752E+01;1.1962E+09;NGC5846-UDG1-3
3.2915E+00;6.3295E+04;1.1009E+01;5.6625E+09;NGC5846-UDG1-3
3.4450E+00;4.9164E+04;2.1379E+01;6.0053E+08;NGC5846-UDG1-3
3.9414E+00;3.6140E+04;1.4253E+01;1.4899E+09;NGC5846-UDG1-3
3.4782E+00;7.7693E+04;2.1788E+01;8.9660E+08;NGC5846-UDG1-3
3.8273E+00;4.6076E+04;1.0370E+01;4.9314E+09;NGC5846-UDG1-3
5.0613E+00;4.2064E+04;1.5377E+01;1.3810E+09;NGC5846-UDG1-3
5.6796E+00;7.1588E+04;1.6577E+01;1.8757E+09;NGC5846-UDG1-3
4.5772E+00;6.0645E+04;1.1367E+01;4.9292E+09;NGC5846-UDG1-3
5.6393E+00;2.7777E+04;1.6705E+01;7.1123E+08;NGC5846-UDG1-3
5.6553E+00;5.5389E+04;2.3091E+01;5.3702E+08;NGC5846-UDG1-3
5.5992E+00;9.1894E+04;1.4202E+01;3.8294E+09;NGC5846-UDG1-3
4.6289E+00;8.8023E+04;2.4828E+01;6.8654E+08;NGC5846-UDG1-3
5.9161E+00;5.4400E+04;1.4432E+01;2.1603E+09;NGC5846-UDG1-3
5.9658E+00;8.9510E+04;1.6961E+01;2.1899E+09;NGC5846-UDG1-3
5.6967E+00;9.0600E+04;2.5671E+01;6.3929E+08;NGC5846-UDG1-3
4.2355E+00;3.1665E+04;1.6628E+01;8.2205E+08;NGC5846-UDG1-3



